10000
0.246742
0.619895
0.752423
0.248116
0.312394
0.064746
0.149137
0.898379
0.744855
0.711416
0.170736
0.832284
0.754060
0.657429
0.142482
0.445504
0.391936
0.726991
0.562414
0.176696
0.692484
0.548484
0.171868
0.444147
0.969133
0.868395
0.464656
0.709212
0.881273
0.129393
0.133835
0.128014
0.749288
0.886258
0.376130
0.061682
0.951004
0.525268
0.960061
0.695858
0.236683
0.130796
0.528143
0.990744
0.788225
0.670625
0.436248
0.180161
0.397616
0.998662
0.356857
0.090099
0.547145
0.528725
0.534247
0.516278
0.397120
0.998903
0.225489
0.278393
0.128297
0.359325
0.406408
0.877584
0.245583
0.782538
0.939267
0.196587
0.307806
0.899327
0.892445
0.544489
0.030123
0.420588
0.535233
0.818349
0.091212
0.971481
0.998510
0.488828
0.970143
0.355367
0.578928
0.517288
0.884092
0.113175
0.033566
0.281212
0.112078
0.259055
0.559605
0.240374
0.618380
0.966013
0.117959
0.863963
0.748551
0.057225
0.060550
0.056357
0.956553
0.952995
0.600846
0.986676
0.373583
0.136079
0.805025
0.464795
0.107560
0.803535
0.953623
0.077703
0.158901
0.532551
0.594990
0.042994
0.645726
0.628556
0.324206
0.757803
0.887611
0.883811
0.998178
0.505991
0.849824
0.116137
0.369954
0.598375
0.173362
0.430504
0.654732
0.129915
0.383499
0.255578
0.116591
0.757082
0.391657
0.921615
0.221877
0.499217
0.725150
0.175500
0.576920
0.884052
0.708051
0.171910
0.927045
0.353777
0.800466
0.251251
0.111580
0.688078
0.135062
0.109758
0.194069
0.984886
0.225894
0.564023
0.583262
0.399256
0.994527
0.237994
0.529171
0.378026
0.493572
0.645762
0.135108
0.885229
0.567377
0.356985
0.384447
0.292527
0.532485
0.961367
0.176579
0.240536
0.133277
0.103624
0.594312
0.933743
0.354875
0.705892
0.621821
0.489937
0.815650
0.815889
0.474823
0.041545
0.379912
0.058085
0.440801
0.374440
0.296079
0.969972
0.752466
0.789651
0.615734
0.887574
0.674881
0.183111
0.244559
0.059328
0.475638
0.777044
0.020694
0.652217
0.017579
0.153971
0.755841
0.611892
0.087714
0.110715
0.317784
0.709535
0.600652
0.133434
0.525424
0.075475
0.174979
0.905337
0.133561
0.615780
0.279776
0.429640
0.585752
0.032242
0.219291
0.201485
0.919816
0.894172
0.384596
0.164375
0.953500
0.860235
0.941419
0.974194
0.512452
0.958998
0.128165
0.268292
0.570890
0.215879
0.379008
0.888673
0.925414
0.979660
0.022107
0.450838
0.055136
0.197086
0.356174
0.188696
0.812866
0.635951
0.618336
0.398617
0.668193
0.837627
0.600103
0.588009
0.731799
0.984699
0.752385
0.685299
0.844934
0.693803
0.659492
0.357386
0.652802
0.787657
0.625678
0.223691
0.003536
0.004686
0.112365
0.928950
0.984346
0.134472
0.379787
0.039482
0.331558
0.735962
0.228178
0.144424
0.371912
0.846514
0.543041
0.040105
0.684140
0.143144
0.628114
0.415939
0.127844
0.380499
0.101238
0.972778
0.074302
0.760730
0.330163
0.727104
0.548388
0.955842
0.950795
0.551924
0.960527
0.063159
0.480873
0.944873
0.197631
0.860661
0.984355
0.529190
0.596622
0.212533
0.673614
0.968535
0.059046
0.216655
0.008640
0.743187
0.359799
0.636754
0.159126
0.487643
0.017253
0.260364
0.460421
0.091555
0.021094
0.790584
0.818658
0.569482
0.746426
0.769453
0.121406
0.706953
0.832613
0.602279
0.651827
0.030244
0.462940
0.636182
0.559434
0.059563
0.848714
0.233047
0.028097
0.907760
0.449702
0.036737
0.650947
0.809501
0.673491
0.810073
0.297144
0.690743
0.070437
0.757565
0.782298
0.091531
0.548149
0.600956
0.661013
0.294575
0.370409
0.782419
0.001529
0.203022
0.384699
0.653355
0.233266
0.847639
0.289537
0.792700
0.907201
0.138251
0.025747
0.935299
0.046011
0.475449
0.972035
0.696958
0.284951
0.645526
0.507031
0.582095
0.336269
0.577468
0.339660
0.118567
0.668999
0.887810
0.719523
0.330013
0.182385
0.089932
0.112432
0.183913
0.292954
0.497131
0.837269
0.526221
0.344769
0.126805
0.318920
0.251971
0.265056
0.344668
0.187269
0.311068
0.820117
0.159305
0.008026
0.105067
0.804831
0.515057
0.687162
0.141100
0.092525
0.026823
0.259667
0.761524
0.914632
0.979190
0.091537
0.097017
0.069122
0.203969
0.280930
0.362077
0.701099
0.118199
0.888297
0.045868
0.245004
0.207218
0.297839
0.510061
0.551885
0.485108
0.821129
0.372002
0.644413
0.829154
0.477070
0.449244
0.344211
0.164232
0.590344
0.436736
0.191055
0.850011
0.198260
0.105687
0.829201
0.289796
0.202704
0.898323
0.493765
0.483634
0.260400
0.194864
0.601833
0.148698
0.240732
0.846838
0.355916
0.538571
0.356899
0.907801
0.023680
0.178027
0.279803
0.668093
0.007182
0.756873
0.117337
0.351393
0.921105
0.707681
0.788129
0.112160
0.557693
0.986389
0.217846
0.386894
0.276185
0.420550
0.285217
0.769950
0.904185
0.545617
0.964814
0.506018
0.694315
0.205546
0.352856
0.050231
0.744118
0.709755
0.958032
0.767797
0.887783
0.237835
0.435891
0.894964
0.994708
0.553228
0.246357
0.915813
0.260909
0.034486
0.027973
0.818602
0.020875
0.245819
0.205496
0.297060
0.666369
0.490713
0.067010
0.570554
0.036330
0.031824
0.076573
0.730645
0.237370
0.429429
0.780876
0.981487
0.139184
0.738909
0.749285
0.026966
0.976744
0.185175
0.921931
0.971452
0.738403
0.168288
0.887265
0.999313
0.202775
0.915238
0.817915
0.223650
0.161057
0.023410
0.520710
0.827427
0.514123
0.587720
0.397981
0.550453
0.619543
0.474554
0.281098
0.856913
0.903982
0.061974
0.838400
0.043166
0.800883
0.587685
0.070133
0.777627
0.772860
0.992064
0.749079
0.511263
0.160352
0.636344
0.510576
0.363127
0.551583
0.328490
0.586777
0.712640
0.351900
0.107486
0.540067
0.866023
0.695206
0.938048
0.416475
0.314749
0.412601
0.697573
0.171662
0.316583
0.759547
0.010062
0.359750
0.560430
0.597747
0.429882
0.338057
0.370607
0.421946
0.087136
0.881870
0.582298
0.723480
0.392446
0.945425
0.275063
0.720936
0.532202
0.987702
0.072836
0.639688
0.527769
0.938859
0.334894
0.465817
0.355334
0.649644
0.878418
0.052907
0.821306
0.195001
0.812455
0.831368
0.554751
0.372885
0.429116
0.984633
0.710942
0.799723
0.406579
0.798077
0.681593
0.988877
0.521557
0.074039
0.934302
0.796620
0.794975
0.466504
0.784323
0.867812
0.106192
0.312092
0.806671
0.441086
0.777908
0.162005
0.090730
0.656326
0.214912
0.912036
0.851327
0.027367
0.743404
0.406078
0.400252
0.172520
0.390712
0.111194
0.972243
0.797291
0.909271
0.653836
0.786168
0.430828
0.727875
0.720470
0.227448
0.522851
0.186974
0.011771
0.390662
0.293166
0.323862
0.197333
0.734253
0.101771
0.359338
0.824983
0.758097
0.574250
0.737019
0.609424
0.601618
0.480423
0.015503
0.001870
0.652943
0.406214
0.113063
0.625186
0.203505
0.022334
0.279022
0.989674
0.453162
0.006898
0.710144
0.680610
0.529748
0.897118
0.692381
0.920410
0.190285
0.016244
0.117743
0.924538
0.118014
0.477081
0.749520
0.876111
0.051331
0.486539
0.485535
0.652949
0.966962
0.501038
0.654818
0.619905
0.907252
0.767881
0.245091
0.110758
0.790216
0.524113
0.100431
0.243378
0.531010
0.810575
0.923988
0.060758
0.707694
0.616370
0.981169
0.897979
0.632613
0.098912
0.822516
0.750627
0.575993
0.572036
0.626738
0.627324
0.058575
0.112273
0.280273
0.025537
0.613311
0.935091
0.645441
0.520563
0.702972
0.890532
0.631321
0.493188
0.414645
0.731752
0.736566
0.945655
0.542327
0.660554
0.006414
0.250021
0.276924
0.987583
0.148000
0.909537
0.086494
0.970516
0.660164
0.662487
0.542552
0.286902
0.289811
0.601128
0.399175
0.570084
0.626664
0.012486
0.505175
0.272106
0.533049
0.208147
0.162638
0.164370
0.701335
0.577283
0.896122
0.437901
0.522938
0.438450
0.098455
0.529352
0.688471
0.375378
0.516934
0.836471
0.284915
0.603428
0.806987
0.945079
0.265916
0.349539
0.231981
0.555727
0.950667
0.631156
0.125811
0.577331
0.643642
0.630985
0.849437
0.176691
0.839132
0.012074
0.341062
0.540467
0.589357
0.237184
0.978368
0.112295
0.675634
0.076823
0.641646
0.364105
0.452201
0.158580
0.200575
0.737116
0.762009
0.007562
0.682194
0.027924
0.357101
0.914175
0.583651
0.307768
0.545331
0.709462
0.885099
0.188973
0.340447
0.734535
0.365664
0.179579
0.746610
0.706726
0.720046
0.335967
0.943910
0.698414
0.448261
0.619543
0.775237
0.089907
0.983648
0.227437
0.248488
0.184223
0.964553
0.010496
0.191786
0.646747
0.038421
0.548887
0.560923
0.622072
0.856655
0.106253
0.331533
0.741754
0.295226
0.671980
0.476289
0.660890
0.851559
0.222899
0.367616
0.571606
0.558865
0.311526
0.270020
0.007127
0.931069
0.045256
0.097034
0.914717
0.272694
0.345522
0.098941
0.237247
0.356018
0.290726
0.883994
0.394438
0.839613
0.444917
0.016510
0.696268
0.551170
0.348043
0.438021
0.846396
0.020023
0.914310
0.507287
0.871583
0.137209
0.874903
0.443188
0.696074
0.186428
0.713208
0.703201
0.117497
0.758464
0.800235
0.032214
0.031158
0.145756
0.131155
0.268404
0.501774
0.421881
0.152398
0.896212
0.261494
0.597315
0.912722
0.957762
0.148485
0.260766
0.395783
0.994882
0.280789
0.310093
0.502168
0.152372
0.447302
0.377071
0.595560
0.143376
0.563499
0.308768
0.846577
0.680996
0.067232
0.646811
0.713211
0.098389
0.792568
0.844366
0.366794
0.294342
0.266247
0.519192
0.190554
0.527742
0.116507
0.103276
0.485504
0.264993
0.364042
0.881287
0.259874
0.644831
0.191380
0.762042
0.797203
0.638682
0.139113
0.392763
0.782059
0.702612
0.701530
0.628636
0.383608
0.768762
0.275447
0.096819
0.867151
0.068015
0.941185
0.233945
0.362356
0.207432
0.753137
0.552910
0.735173
0.869645
0.656187
0.220677
0.134637
0.020228
0.101964
0.394512
0.665059
0.293344
0.156554
0.462262
0.932026
0.295667
0.855025
0.714085
0.998279
0.556555
0.342721
0.381887
0.325317
0.618168
0.478706
0.192468
0.686182
0.419890
0.426414
0.048539
0.627322
0.179551
0.601449
0.362495
0.049196
0.257635
0.583172
0.183833
0.277864
0.685135
0.578344
0.942923
0.978479
0.734898
0.405185
0.910505
0.030565
0.260210
0.624590
0.028844
0.816765
0.967311
0.410731
0.142082
0.585479
0.889437
0.334550
0.271661
0.309327
0.760964
0.320200
0.936649
0.940515
0.921649
0.299144
0.989711
0.179284
0.882316
0.173544
0.457148
0.567452
0.751888
0.400071
0.545931
0.486786
0.805257
0.456436
0.517352
0.065467
0.081027
0.546196
0.882232
0.048338
0.956928
0.024314
0.633817
0.846365
0.358864
0.905478
0.155692
0.119828
0.225677
0.092341
0.060343
0.147326
0.391486
0.050054
0.326610
0.273802
0.223598
0.783758
0.841253
0.975486
0.183829
0.387184
0.462272
0.989086
0.843620
0.979624
0.054552
0.924647
0.525820
0.936784
0.972984
0.482748
0.961098
0.606801
0.329112
0.319962
0.512279
0.484804
0.439790
0.737956
0.577145
0.500134
0.885282
0.968631
0.550188
0.211892
0.242433
0.773785
0.995650
0.083686
0.749271
0.179478
0.470870
0.211543
0.168564
0.314490
0.191167
0.223116
0.239136
0.716987
0.159900
0.212121
0.199735
0.120998
0.818922
0.528847
0.440960
0.331200
0.013652
0.880751
0.069156
0.590797
0.380884
0.954438
0.559428
0.931072
0.166330
0.801861
0.704858
0.161980
0.885546
0.454129
0.341458
0.356416
0.665672
0.510022
0.670906
0.856839
0.733138
0.910042
0.573827
0.893039
0.122163
0.773562
0.014037
0.941084
0.302409
0.454997
0.272285
0.316061
0.335747
0.341441
0.906858
0.716632
0.295879
0.466286
0.647704
0.462209
0.268146
0.352562
0.624189
0.153693
0.806690
0.965647
0.510109
0.472362
0.475669
0.181014
0.329202
0.208807
0.091056
0.903028
0.101846
0.213218
0.676590
0.115882
0.154303
0.978999
0.570879
0.426587
0.295059
0.906627
0.768028
0.201917
0.623259
0.063907
0.668202
0.270963
0.526116
0.936349
0.623524
0.150305
0.090041
0.430215
0.115952
0.600150
0.902577
0.591621
0.781164
0.231779
0.800428
0.872220
0.134807
0.902274
0.085438
0.811397
0.018157
0.239741
0.790395
0.589036
0.666328
0.085455
0.495663
0.434356
0.287371
0.118921
0.498264
0.955574
0.389884
0.024380
0.891922
0.013409
0.174685
0.981963
0.443624
0.290637
0.582113
0.346201
0.882258
0.363277
0.577980
0.682686
0.235497
0.712787
0.584960
0.320935
0.524184
0.603117
0.560676
0.314579
0.192153
0.227004
0.400034
0.687815
0.661361
0.687405
0.806737
0.159624
0.642979
0.196621
0.184004
0.534901
0.210030
0.358689
0.516864
0.653653
0.649326
0.098977
0.999854
0.531585
0.462254
0.577834
0.214271
0.697751
0.290621
0.799231
0.018686
0.814805
0.402348
0.579362
0.129384
0.594501
0.806366
0.529418
0.282316
0.467727
0.216823
0.089053
0.627352
0.859802
0.285674
0.811356
0.394703
0.495704
0.170045
0.911566
0.149357
0.819372
0.010543
0.149211
0.350956
0.472797
0.727045
0.565227
0.170548
0.017666
0.364459
0.189234
0.832471
0.766807
0.768596
0.961855
0.361308
0.574963
0.491273
0.643625
0.042690
0.708096
0.732678
0.670042
0.567898
0.018352
0.481397
0.962600
0.514056
0.651443
0.874167
0.663412
0.470814
0.884710
0.812623
0.821771
0.357508
0.539668
0.386998
0.528056
0.557334
0.751457
0.717290
0.389804
0.518264
0.485886
0.351659
0.879572
0.060849
0.842932
0.523196
0.103539
0.551028
0.255874
0.773580
0.118926
0.274226
0.254978
0.081526
0.788282
0.906420
0.955693
0.451694
0.377235
0.840403
0.264318
0.199005
0.197911
0.803986
0.586003
0.725967
0.361320
0.337460
0.443257
0.751124
0.855724
0.929143
0.102783
0.735296
0.989992
0.945715
0.258492
0.093531
0.496744
0.514366
0.867111
0.615670
0.788592
0.122088
0.697196
0.576874
0.028509
0.652889
0.028568
0.405743
0.493292
0.292886
0.604749
0.691203
0.096872
0.190752
0.417171
0.458191
0.528212
0.860428
0.209315
0.383936
0.789571
0.312098
0.119232
0.779563
0.257814
0.377724
0.873094
0.754557
0.892091
0.740204
0.370227
0.680683
0.862293
0.067423
0.257557
0.890801
0.720312
0.286126
0.296545
0.213604
0.579012
0.901293
0.904807
0.675883
0.092045
0.321978
0.134074
0.620258
0.182406
0.343389
0.004194
0.971977
0.655488
0.123426
0.751539
0.913302
0.501150
0.624633
0.667859
0.393241
0.364837
0.038086
0.073924
0.227130
0.105509
0.331481
0.117932
0.825820
0.617607
0.414476
0.039424
0.196618
0.315770
0.944232
0.872502
0.407815
0.266209
0.006576
0.028073
0.448615
0.349965
0.032266
0.420592
0.005453
0.155692
0.172131
0.918755
0.656842
0.796764
0.586614
0.050083
0.161602
0.624700
0.124007
0.388732
0.730209
0.455488
0.506663
0.556029
0.073095
0.921140
0.595453
0.269713
0.236909
0.539685
0.142215
0.644724
0.805894
0.148791
0.672797
0.254510
0.498756
0.705063
0.675101
0.504210
0.860756
0.847232
0.422965
0.517598
0.643996
0.009579
0.567681
0.805598
0.634279
0.691689
0.194330
0.364488
0.147177
0.700993
0.920517
0.220272
0.622133
0.515970
0.489985
0.859042
0.055655
0.632200
0.503767
0.861550
0.780991
0.176564
0.116059
0.279747
0.881627
0.791161
0.783957
0.742383
0.638393
0.206922
0.259981
0.282389
0.216501
0.827662
0.087987
0.850780
0.519351
0.282316
0.215268
0.666528
0.983310
0.135785
0.886799
0.605443
0.651756
0.376784
0.464485
0.707411
0.008984
0.968252
0.568961
0.789975
0.144816
0.685021
0.069723
0.026443
0.476181
0.853680
0.768826
0.114574
0.060602
0.028807
0.396963
0.277103
0.856469
0.484950
0.127884
0.375820
0.767266
0.343152
0.042348
0.750576
0.478937
0.929147
0.356018
0.130693
0.305932
0.820503
0.838104
0.314916
0.788755
0.407065
0.104891
0.933571
0.092086
0.174614
0.960014
0.568267
0.028294
0.728840
0.682841
0.088896
0.757647
0.079804
0.366000
0.614116
0.564753
0.493883
0.989936
0.332020
0.837035
0.032284
0.082595
0.315973
0.961432
0.438613
0.446666
0.267363
0.259117
0.284770
0.582280
0.047872
0.691835
0.687171
0.981443
0.783921
0.861785
0.941457
0.352188
0.890079
0.670297
0.035029
0.978976
0.427943
0.114833
0.344975
0.042059
0.679587
0.838859
0.031995
0.011606
0.675894
0.064280
0.094201
0.991867
0.025711
0.532815
0.438532
0.293075
0.791932
0.723302
0.875354
0.839804
0.415137
0.562525
0.821247
0.199058
0.424310
0.762703
0.551247
0.314389
0.433000
0.586276
0.293365
0.860943
0.701109
0.638340
0.903002
0.380696
0.477199
0.934998
0.392302
0.153093
0.999278
0.486504
0.144960
0.024989
0.019319
0.583492
0.318064
0.811250
0.306794
0.193418
0.651054
0.721931
0.755944
0.472301
0.920990
0.180254
0.235004
0.472237
0.494643
0.668004
0.058513
0.788008
0.528947
0.759622
0.426349
0.431950
0.140318
0.903547
0.366948
0.532620
0.056640
0.366225
0.019124
0.201600
0.391214
0.038442
0.785092
0.709278
0.849693
0.091886
0.902697
0.500747
0.813817
0.658640
0.973048
0.734807
0.838894
0.208052
0.207044
0.333537
0.876056
0.265557
0.121546
0.405003
0.025178
0.547894
0.836953
0.165496
0.451442
0.203901
0.698117
0.508082
0.570126
0.717240
0.709682
0.961340
0.755683
0.494774
0.670618
0.605375
0.586660
0.573315
0.106122
0.400477
0.231955
0.079170
0.135284
0.070849
0.287221
0.342328
0.404386
0.163277
0.607884
0.525932
0.568281
0.633063
0.073826
0.405233
0.798559
0.525268
0.609134
0.496676
0.033350
0.179260
0.213916
0.743032
0.140600
0.969599
0.237806
0.811218
0.574974
0.824465
0.384533
0.681097
0.224942
0.616488
0.760266
0.360226
0.687337
0.047488
0.702554
0.091724
0.210765
0.310438
0.617656
0.779046
0.943501
0.691482
0.184279
0.742060
0.216750
0.793413
0.238736
0.250100
0.972673
0.452652
0.993132
0.113273
0.422251
0.230937
0.924491
0.997225
0.055403
0.309024
0.678322
0.280345
0.925513
0.438589
0.640571
0.612850
0.486076
0.343125
0.704573
0.696842
0.653563
0.322229
0.475887
0.597064
0.013711
0.660167
0.339124
0.230461
0.453580
0.577860
0.480561
0.426253
0.030513
0.473693
0.539526
0.452764
0.704630
0.464017
0.449989
0.760033
0.773041
0.128311
0.040377
0.698554
0.566900
0.680948
0.311404
0.052976
0.024073
0.015977
0.749818
0.677635
0.338206
0.225705
0.274699
0.351917
0.885872
0.613824
0.582378
0.339452
0.191684
0.062939
0.765704
0.222196
0.536632
0.305230
0.674960
0.241262
0.769247
0.124949
0.001295
0.542289
0.253261
0.041672
0.240842
0.820161
0.722620
0.552246
0.873137
0.746692
0.568223
0.622955
0.424328
0.906429
0.848660
0.699027
0.258346
0.734532
0.312851
0.840724
0.073984
0.504535
0.903663
0.839688
0.726731
0.440295
0.144919
0.401691
0.681556
0.914166
0.526641
0.682851
0.456454
0.779901
0.724523
0.697297
0.600062
0.447143
0.249543
0.473199
0.193835
0.817766
0.096154
0.618163
0.724195
0.944814
0.317190
0.982541
0.679347
0.630041
0.823265
0.753331
0.134576
0.726928
0.593019
0.861307
0.167223
0.737938
0.262998
0.848779
0.652103
0.789638
0.531630
0.108557
0.569540
0.256153
0.805854
0.169602
0.703296
0.055397
0.642800
0.897131
0.873163
0.738954
0.515294
0.597358
0.683769
0.832484
0.579899
0.363115
0.462525
0.403164
0.116446
0.597101
0.130093
0.709465
0.458407
0.297315
0.447403
0.721405
0.146094
0.099506
0.511044
0.677724
0.208063
0.080583
0.933877
0.013917
0.250185
0.637173
0.069314
0.892985
0.534304
0.942477
0.631940
0.049597
0.539835
0.315709
0.882081
0.119734
0.678824
0.344606
0.522898
0.795270
0.941707
0.652991
0.504735
0.400114
0.950306
0.952138
0.121520
0.096400
0.051644
0.632563
0.774125
0.259708
0.713147
0.708002
0.273625
0.963332
0.345175
0.342939
0.856317
0.879478
0.285416
0.488257
0.929076
0.825251
0.803966
0.811157
0.944985
0.482790
0.155763
0.467883
0.278060
0.097470
0.120874
0.782795
0.497585
0.071180
0.734934
0.619104
0.167580
0.786578
0.251668
0.941705
0.046286
0.964814
0.649707
0.319911
0.928146
0.994881
0.662850
0.784463
0.874360
0.948266
0.272720
0.803435
0.773517
0.076685
0.614592
0.718502
0.559475
0.770356
0.186385
0.837535
0.867826
0.307259
0.620330
0.365411
0.378438
0.355264
0.984515
0.546018
0.141842
0.236183
0.487723
0.188128
0.200997
0.137429
0.508039
0.129143
0.132311
0.170889
0.913606
0.006670
0.119155
0.186326
0.810106
0.892673
0.263011
0.424698
0.611175
0.822486
0.195054
0.797560
0.660021
0.062880
0.104819
0.280351
0.428291
0.483257
0.635615
0.412807
0.029275
0.777457
0.648990
0.516998
0.965585
0.849987
0.654427
0.473623
0.979131
0.786738
0.644513
0.892737
0.793408
0.763668
0.079063
0.603514
0.656341
0.342074
0.028212
0.267516
0.164561
0.223266
0.065075
0.824582
0.286147
0.169894
0.104933
0.714438
0.653151
0.740548
0.127245
0.682426
0.518006
0.776235
0.199424
0.483590
0.626222
0.853852
0.957214
0.605353
0.640590
0.601726
0.498090
0.433998
0.365394
0.577153
0.037512
0.021735
0.919227
0.065725
0.289251
0.083788
0.288991
0.354326
0.908370
0.575138
0.524220
0.013303
0.289576
0.177371
0.753851
0.416821
0.859797
0.271857
0.193056
0.059222
0.755447
0.819278
0.913073
0.712661
0.424631
0.553663
0.314387
0.922720
0.987661
0.679781
0.499873
0.025173
0.701516
0.419100
0.090898
0.990767
0.502888
0.379889
0.345093
0.411257
0.955028
0.869313
0.424560
0.244604
0.046684
0.178412
0.661425
0.906481
0.450269
0.854480
0.965703
0.205716
0.673758
0.878776
0.918377
0.098389
0.432439
0.232764
0.021110
0.420100
0.912545
0.520983
0.445273
0.614061
0.940083
0.536171
0.604828
0.442970
0.916060
0.949921
0.854228
0.871088
0.819234
0.278788
0.115691
0.865918
0.457199
0.777116
0.772399
0.907468
0.631597
0.738102
0.113184
0.305355
0.616878
0.031560
0.403744
0.049317
0.264324
0.424854
0.469417
0.176869
0.945837
0.914689
0.790930
0.885920
0.450860
0.395758
0.328890
0.366921
0.345679
0.183118
0.238008
0.164913
0.461906
0.353700
0.030831
0.919105
0.130816
0.803230
0.826573
0.762412
0.541333
0.939757
0.067767
0.158211
0.971317
0.471511
0.207528
0.235641
0.896365
0.676945
0.412510
0.842202
0.591635
0.203439
0.728122
0.042495
0.599197
0.057012
0.409415
0.944876
0.240130
0.647424
0.109789
0.702036
0.001123
0.140620
0.621141
0.131939
0.943850
0.447714
0.894351
0.485183
0.387470
0.962118
0.643394
0.358787
0.433630
0.850922
0.594428
0.329995
0.527867
0.006938
0.172197
0.119502
0.210377
0.900319
0.161997
0.809575
0.957332
0.571412
0.754451
0.197461
0.218836
0.864240
0.899497
0.219959
0.004860
0.520638
0.351898
0.948710
0.968351
0.246249
0.433892
0.355822
0.208367
0.077286
0.714609
0.641997
0.928208
0.309037
0.971992
0.456075
0.315975
0.144189
0.575577
0.526352
0.044509
0.737574
0.335927
0.001840
0.308986
0.090377
0.199302
0.527821
0.954617
0.098799
0.747780
0.959477
0.619436
0.099678
0.908186
0.587787
0.345927
0.342079
0.943609
0.554294
0.419364
0.658218
0.196291
0.347572
0.967255
0.168283
0.803648
0.283230
0.312472
0.379225
0.809582
0.356981
0.116798
0.145509
0.358821
0.425784
0.235886
0.558122
0.953606
0.190503
0.656921
0.701386
0.149980
0.276357
0.801064
0.058167
0.864144
0.146992
0.400245
0.807753
0.701286
0.819610
0.465972
0.897577
0.167182
0.433227
0.065859
0.970830
0.716457
0.378331
0.350055
0.526039
0.735312
0.466853
0.671548
0.094133
0.892637
0.907434
0.652255
0.846243
0.097938
0.309176
0.547629
0.247918
0.585533
0.348693
0.306085
0.449677
0.495685
0.706330
0.257431
0.196971
0.525940
0.723402
0.094547
0.693122
0.156629
0.160406
0.663951
0.873086
0.538738
0.014006
0.399126
0.274049
0.480859
0.070674
0.368182
0.373496
0.978108
0.020437
0.219739
0.076046
0.329613
0.767368
0.323964
0.915146
0.116061
0.630049
0.364823
0.611746
0.336379
0.622254
0.808717
0.862318
0.345656
0.903264
0.555440
0.502286
0.063670
0.219391
0.375372
0.602408
0.233397
0.774498
0.876457
0.714256
0.845171
0.244639
0.087752
0.823279
0.265076
0.307491
0.899325
0.594689
0.074859
0.223289
0.509835
0.190921
0.853337
0.874658
0.802667
0.189716
0.496912
0.611384
0.052034
0.842569
0.514648
0.607474
0.344854
0.578318
0.826865
0.720226
0.180726
0.060262
0.494724
0.057183
0.774519
0.339895
0.301823
0.862271
0.163174
0.566899
0.169763
0.062499
0.161588
0.244622
0.285788
0.671423
0.435543
0.139126
0.546082
0.238209
0.328841
0.042994
0.849593
0.380875
0.885563
0.364240
0.988349
0.230417
0.942558
0.815214
0.950643
0.123284
0.875477
0.445367
0.180467
0.649996
0.785262
0.482290
0.512267
0.948437
0.049189
0.682029
0.010936
0.210777
0.926651
0.296724
0.882200
0.362194
0.435850
0.428282
0.600403
0.764691
0.471276
0.449996
0.145566
0.356839
0.814237
0.133916
0.587256
0.756795
0.949130
0.537899
0.880079
0.824607
0.983267
0.060547
0.474603
0.768529
0.542837
0.986870
0.716966
0.592026
0.668899
0.727902
0.802803
0.595550
0.024626
0.685003
0.957744
0.460475
0.113284
0.558148
0.225166
0.584560
0.008144
0.370733
0.941399
0.822380
0.504649
0.528655
0.579175
0.453779
0.066555
0.459255
0.278386
0.049821
0.519802
0.752989
0.818350
0.062638
0.739858
0.535316
0.654664
0.408758
0.263218
0.457466
0.004308
0.287844
0.142469
0.962052
0.748319
0.255754
0.520200
0.973486
0.840314
0.528344
0.344219
0.781713
0.350724
0.848867
0.310368
0.929899
0.302646
0.376923
0.389154
0.581032
0.426744
0.908956
0.334021
0.245094
0.971594
0.073879
0.780411
0.626258
0.482636
0.043628
0.083724
0.486944
0.331472
0.226194
0.448997
0.079791
0.481947
0.969197
0.053277
0.322261
0.497540
0.397496
0.103974
0.848264
0.246363
0.414342
0.778164
0.549009
0.791265
0.167318
0.130041
0.218009
0.076274
0.464061
0.463104
0.047868
0.537940
0.243514
0.674126
0.020577
0.287143
0.757850
0.507521
0.618615
0.984044
0.956518
0.698406
0.465991
0.925715
0.751683
0.788252
0.423255
0.149179
0.892226
0.271519
0.395542
0.306569
0.049683
0.944550
0.097834
0.217001
0.074591
0.315843
0.293275
0.538652
0.778946
0.341143
0.076592
0.022460
0.015269
0.097169
0.309603
0.773119
0.604690
0.928218
0.757163
0.561208
0.626624
0.223154
0.486922
0.378307
0.011406
0.910177
0.527486
0.903632
0.181696
0.923028
0.210201
0.231379
0.867578
0.308035
0.448380
0.942169
0.623878
0.741655
0.480821
0.402824
0.082798
0.557413
0.425285
0.098066
0.654582
0.734888
0.871185
0.259271
0.663106
0.628348
0.820479
0.289730
0.851502
0.307401
0.668037
0.862908
0.217578
0.195523
0.766541
0.399274
0.118551
0.976742
0.630653
0.986129
0.284777
0.079033
0.928298
0.908655
0.820688
0.409119
0.311479
0.903485
0.966532
0.736764
0.001552
0.621114
0.471652
0.872737
0.880385
0.134758
0.501085
0.700864
0.424488
0.352588
0.008265
0.092525
0.215496
0.225843
0.288048
0.982037
0.625117
0.406599
0.958779
0.255770
0.392729
0.243557
0.334803
0.321027
0.152212
0.155491
0.730146
0.463691
0.058976
0.696678
0.200455
0.060528
0.317791
0.672108
0.933265
0.198176
0.806865
0.434350
0.899040
0.231353
0.786938
0.907305
0.323878
0.002434
0.133148
0.611926
0.984471
0.758266
0.018526
0.943250
0.014036
0.411254
0.186807
0.348839
0.732281
0.339018
0.504330
0.462426
0.802710
0.563306
0.159104
0.003165
0.623834
0.476895
0.675272
0.557099
0.675072
0.482138
0.991449
0.574112
0.713491
0.778387
0.481418
0.037369
0.780821
0.614566
0.649296
0.765292
0.372832
0.667821
0.708542
0.386867
0.079075
0.895348
0.735706
0.811356
0.234367
0.240036
0.273783
0.037076
0.803342
0.432887
0.040241
0.427176
0.909782
0.715514
0.984275
0.584854
0.197652
0.975724
0.158966
0.911143
0.754111
0.640384
0.948512
0.534932
0.254950
0.597808
0.300223
0.627781
0.265629
0.008765
0.014648
0.344704
0.904113
0.750355
0.156060
0.138480
0.990391
0.429843
0.175557
0.793733
0.862730
0.215798
0.220909
0.772512
0.931312
0.205185
0.357366
0.128964
0.180909
0.516332
0.040106
0.935020
0.156716
0.988618
0.469952
0.411666
0.586426
0.770175
0.039447
0.852055
0.778940
0.054095
0.196759
0.683054
0.804450
0.352819
0.821534
0.794841
0.782662
0.997091
0.588574
0.645392
0.212889
0.809483
0.417904
0.144201
0.014668
0.775270
0.273164
0.195577
0.291603
0.313271
0.130597
0.448319
0.301889
0.600550
0.859984
0.888315
0.370725
0.899431
0.740370
0.149665
0.953526
0.937128
0.832719
0.757976
0.289948
0.654254
0.552817
0.072610
0.651345
0.141390
0.718002
0.864233
0.950873
0.135907
0.008434
0.965541
0.911177
0.281598
0.161118
0.202780
0.594869
0.291715
0.651098
0.896758
0.892265
0.511082
0.785073
0.262990
0.410513
0.525443
0.412655
0.364040
0.462571
0.245375
0.122016
0.752519
0.899628
0.674832
0.825129
0.550973
0.816222
0.543131
0.415206
0.767096
0.679038
0.423640
0.732636
0.590215
0.705239
0.893754
0.792995
0.300108
0.185469
0.444093
0.196866
0.077734
0.955176
0.981939
0.340724
0.365689
0.507381
0.753379
0.729729
0.969952
0.998753
0.851744
0.722471
0.898381
0.526576
0.547600
0.449354
0.342799
0.090731
0.864560
0.109894
0.769769
0.288201
0.842531
0.359984
0.993439
0.736285
0.152978
0.293547
0.921754
0.597071
0.490413
0.999488
0.552247
0.472351
0.340212
0.917936
0.979732
0.093590
0.647664
0.949685
0.092344
0.499409
0.672155
0.990725
0.025985
0.219755
0.440079
0.368784
0.310486
0.304639
0.478679
0.080254
0.592840
0.321209
0.440238
0.586279
0.057494
0.593216
0.879826
0.979249
0.190288
0.370239
0.978737
0.742535
0.842590
0.318949
0.660470
0.822322
0.412540
0.308135
0.772007
0.504883
0.807544
0.444162
0.495608
0.833529
0.663917
0.935687
0.202313
0.974403
0.240327
0.680991
0.054658
0.833167
0.002201
0.494896
0.419446
0.059695
0.088112
0.299272
0.038944
0.278400
0.669511
0.017681
0.020934
0.512101
0.336630
0.681405
0.334423
0.749170
0.989540
0.106430
0.254053
0.797083
0.550592
0.749661
0.630612
0.214510
0.685348
0.832925
0.188913
0.925675
0.513916
0.243571
0.758842
0.516117
0.738466
0.178288
0.575812
0.826579
0.477560
0.614756
0.104978
0.147071
0.632437
0.125912
0.659172
0.969067
0.807317
0.993595
0.718237
0.796857
0.100025
0.972290
0.593940
0.650617
0.721951
0.224552
0.865127
0.407299
0.057477
0.054040
0.332974
0.571393
0.297611
0.091816
0.087510
0.036077
0.270104
0.663322
0.862656
0.747664
0.278078
0.967634
0.894735
0.910515
0.093546
0.553907
0.879582
0.900863
0.547503
0.597819
0.697720
0.647528
0.570109
0.291660
0.298145
0.292059
0.516211
0.163272
0.699358
0.573688
0.217312
0.032333
0.145081
0.514923
0.124149
0.232591
0.551000
0.394253
0.895912
0.413656
0.141917
0.173990
0.381289
0.036652
0.084505
0.474836
0.590560
0.964087
0.375699
0.138062
0.561906
0.073419
0.785590
0.132015
0.365078
0.083735
0.424074
0.881290
0.247007
0.123433
0.454978
0.464319
0.155765
0.600059
0.979241
0.279914
0.832649
0.530241
0.674167
0.728562
0.943897
0.816083
0.902552
0.325186
0.852735
0.987057
0.800022
0.443295
0.951144
0.175721
0.581357
0.513050
0.249140
0.366947
0.645064
0.614218
0.450682
0.069138
0.495508
0.697688
0.192571
0.950486
0.162007
0.348336
0.550545
0.141248
0.628250
0.383194
0.671490
0.302417
0.111756
0.615387
0.118500
0.014308
0.940573
0.971235
0.001364
0.740595
0.414530
0.952508
0.916316
0.995888
0.465558
0.165456
0.362834
0.110622
0.779674
0.813516
0.179761
0.275182
0.511204
0.372332
0.225668
0.673211
0.720668
0.776213
0.814460
0.348918
0.159407
0.485949
0.651334
0.271163
0.101336
0.769834
0.285471
0.041909
0.741070
0.286835
0.782504
0.155600
0.239343
0.698821
0.151488
0.704901
0.864277
0.514322
0.815523
0.643951
0.327838
0.995284
0.919134
0.839042
0.367615
0.144802
0.512253
0.088283
0.921015
0.326713
0.437201
0.080422
0.812662
0.088535
0.351584
0.913998
0.858370
0.637055
0.955907
0.599440
0.923890
0.738412
0.755040
0.163233
0.437233
0.906528
0.868134
0.301510
0.420850
0.683657
0.945461
0.748688
0.678941
0.864595
0.587730
0.046556
0.009397
0.099984
0.134839
0.930411
0.426697
0.572039
0.010833
0.239359
0.660574
0.362417
0.153357
0.518944
0.999472
0.109264
0.118384
0.923362
0.847676
0.873423
0.086595
0.284909
0.779951
0.954729
0.586418
0.200801
0.638386
0.531880
0.949489
0.317327
0.396474
0.537220
0.363883
0.405871
0.637204
0.498721
0.336282
0.063900
0.070761
0.347115
0.303259
0.731335
0.709532
0.456616
0.250279
0.709004
0.565880
0.368663
0.632366
0.413556
0.242086
0.718961
0.698465
0.022037
0.673690
0.284883
0.222839
0.312076
0.816763
0.172328
0.629403
0.213237
0.709548
0.993285
0.619108
0.346751
0.492007
0.955390
0.410652
0.562767
0.302505
0.713911
0.294102
0.012037
0.170526
0.544381
0.721041
0.736407
0.913044
0.353406
0.149963
0.155130
0.072367
0.848428
0.177167
0.746057
0.133311
0.400006
0.058132
0.950074
0.572334
0.687535
0.163312
0.281882
0.680820
0.782420
0.628633
0.172827
0.737810
0.039285
0.735594
0.040315
0.753196
0.029696
0.052352
0.923722
0.574078
0.773393
0.660128
0.487121
0.126800
0.810091
0.642251
0.199167
0.658519
0.819419
0.945223
0.791830
0.219424
0.003356
0.741905
0.791758
0.690891
0.905216
0.073640
0.371711
0.687636
0.702274
0.544538
0.425447
0.741559
0.280133
0.465762
0.494754
0.309829
0.518115
0.418476
0.883907
0.291508
0.078605
0.371028
0.418307
0.888696
0.013280
0.617474
0.547215
0.832698
0.562697
0.339046
0.052123
0.566053
0.080951
0.843881
0.256944
0.986167
0.917522
0.628655
0.673803
0.619796
0.173194
0.099250
0.361354
0.453326
0.565012
0.856109
0.763156
0.083127
0.274585
0.647062
0.374634
0.353190
0.018091
0.792942
0.241887
0.031370
0.410416
0.789102
0.864068
0.973113
0.128148
0.916191
0.539166
0.209098
0.760072
0.796110
0.195265
0.677594
0.424766
0.869069
0.297389
0.597959
0.968319
0.658744
0.051286
0.533331
0.514853
0.814441
0.616457
0.789438
0.461504
0.991092
0.142629
0.479594
0.784033
0.384515
0.510965
0.194449
0.173617
0.375033
0.167563
0.301765
0.291224
0.706729
0.510863
0.051296
0.502839
0.706128
0.728890
0.927605
0.575197
0.026280
0.525564
0.543516
0.685024
0.576850
0.076846
0.199877
0.391292
0.693303
0.989315
0.852795
0.684395
0.131944
0.332389
0.468428
0.516459
0.843354
0.662878
0.690076
0.218387
0.830440
0.991841
0.509611
0.537169
0.502704
0.560908
0.040009
0.208833
0.289798
0.967614
0.784030
0.316078
0.493178
0.327545
0.001102
0.070029
0.404391
0.200979
0.461320
0.097695
0.190294
0.314115
0.782090
0.322238
0.646505
0.250518
0.838697
0.489859
0.913396
0.528774
0.708245
0.743836
0.520615
0.217857
0.281006
0.023319
0.778764
0.321014
0.232152
0.068562
0.288628
0.016182
0.384640
0.781807
0.343727
0.385742
0.851835
0.748119
0.586720
0.313155
0.845814
0.777014
0.627270
0.627903
0.099252
0.273775
0.878422
0.937949
0.763634
0.791818
0.466723
0.471879
0.535654
0.987338
0.689736
0.816660
0.010657
0.468500
0.137674
0.242809
0.537062
0.426302
0.258991
0.921702
0.208109
0.602719
0.307443
0.059944
0.350838
0.894163
0.373099
0.196651
0.671177
0.000369
0.824555
0.770429
0.274145
0.702976
0.708378
0.037778
0.494794
0.175101
0.509658
0.030448
0.162439
0.199393
0.847108
0.173096
0.667893
0.984781
0.415905
0.204955
0.411084
0.674896
0.126656
0.619192
0.277615
0.434100
0.679136
0.628453
0.328263
0.052235
0.825104
0.999440
0.052604
0.649659
0.769869
0.326749
0.352635
0.478248
0.364527
0.847429
0.653349
0.874185
0.877877
0.815788
0.073578
0.724985
0.988883
0.741472
0.709766
0.404788
0.946427
0.120850
0.079685
0.073083
0.740042
0.357300
0.507183
0.419178
0.985753
0.835445
0.471413
0.810857
0.834885
0.524017
0.460515
0.604755
0.850766
0.813150
0.083003
0.215293
0.660580
0.736352
0.089478
0.538457
0.552139
0.163056
0.263441
0.541023
0.904528
0.973207
0.945811
0.850954
0.094057
0.025496
0.924037
0.834098
0.382796
0.431220
0.253276
0.368549
0.266665
0.724689
0.179405
0.101551
0.248705
0.639921
0.706306
0.099471
0.453071
0.789308
0.314764
0.113651
0.525660
0.404242
0.652107
0.077799
0.567298
0.915548
0.618822
0.471826
0.888755
0.564633
0.322780
0.982812
0.590129
0.246817
0.816910
0.972925
0.678037
0.070186
0.341474
0.944702
0.794875
0.520880
0.046253
0.043580
0.160800
0.752559
0.143051
0.613871
0.541867
0.457815
0.727522
0.067527
0.862057
0.379629
0.145326
0.429355
0.295178
0.764148
0.901181
0.183933
0.328782
0.223961
0.166745
0.918911
0.470779
0.983655
0.891836
0.148816
0.053841
0.233311
0.093519
0.848716
0.754190
0.139772
0.892297
0.914990
0.892330
0.035348
0.528862
0.434197
0.493163
0.256384
0.501724
0.355221
0.636013
0.647050
0.784576
0.931191
0.411199
0.685758
0.115123
0.739980
0.909719
0.281868
0.658891
0.380498
0.265523
0.550728
0.529314
0.319364
0.784038
0.622833
0.168081
0.538229
0.762604
0.060377
0.453219
0.654934
0.095725
0.982081
0.089132
0.588889
0.238465
0.590856
0.944109
0.874478
0.237906
0.728686
0.805668
0.649105
0.414443
0.920792
0.389085
0.324162
0.202660
0.047977
0.704660
0.468183
0.598704
0.233974
0.787547
0.382743
0.856807
0.955628
0.920971
0.619411
0.016005
0.374190
0.274345
0.111731
0.356271
0.363477
0.700619
0.594736
0.954333
0.644729
0.469213
0.192239
0.373415
0.274882
0.841344
0.787858
0.195673
0.230429
0.112020
0.398333
0.278405
0.816680
0.866516
0.877110
0.050654
0.654063
0.259852
0.907461
0.609691
0.180824
0.526872
0.625697
0.555014
0.801217
0.737427
0.911285
0.164694
0.438047
0.506021
0.119026
0.082775
0.975234
0.311265
0.456190
0.250115
0.152608
0.244048
0.445789
0.383037
0.356068
0.844122
0.661442
0.172748
0.710637
0.538552
0.223402
0.364700
0.798404
0.130863
0.974391
0.979228
0.657734
0.600088
0.534242
0.458951
0.337515
0.445527
0.623644
0.775562
0.951547
0.742671
0.858337
0.926781
0.053935
0.314527
0.176897
0.206544
0.558575
0.622685
0.589581
0.914642
0.466807
0.251023
0.087390
0.177444
0.789575
0.310792
0.542145
0.587979
0.441654
0.516536
0.567207
0.099389
0.116624
0.101448
0.558339
0.454139
0.546975
0.181984
0.229701
0.498522
0.924655
0.088038
0.425304
0.978590
0.402565
0.602201
0.185134
0.961139
0.224886
0.774714
0.875782
0.691693
0.025737
0.963171
0.869137
0.815312
0.273963
0.411282
0.403291
0.715617
0.927818
0.970498
0.815006
0.044442
0.071946
0.373345
0.498581
0.618921
0.555329
0.728282
0.117443
0.479984
0.816320
0.542747
0.458574
0.218885
0.144948
0.643707
0.180024
0.369834
0.418422
0.055806
0.061527
0.444159
0.018977
0.930664
0.259471
0.292940
0.341946
0.662762
0.008558
0.269764
0.633260
0.823564
0.314206
0.705205
0.196909
0.812787
0.324126
0.752238
0.541070
0.441570
0.232222
0.357390
0.984317
0.690795
0.576275
0.129264
0.334503
0.756300
0.499098
0.752924
0.812106
0.560624
0.197083
0.831083
0.491288
0.456554
0.124023
0.833234
0.119316
0.132581
0.102998
0.752576
0.956145
0.417204
0.457781
0.153054
0.229991
0.781908
0.905292
0.771061
0.223477
0.137514
0.128451
0.207794
0.828309
0.704726
0.337058
0.162812
0.461025
0.836156
0.915736
0.273131
0.396780
0.112819
0.104214
0.888068
0.569374
0.228237
0.721302
0.688690
0.360818
0.824299
0.441266
0.316963
0.241503
0.899047
0.470017
0.471494
0.680955
0.375308
0.242554
0.904432
0.512822
0.371005
0.112226
0.341131
0.075730
0.449284
0.503943
0.536755
0.285440
0.419679
0.809886
0.682219
0.532499
0.914099
0.570287
0.101872
0.142336
0.291589
0.790562
0.503155
0.115888
0.231828
0.820118
0.357391
0.130875
0.290134
0.828884
0.811830
0.665442
0.071438
0.716262
0.178264
0.442443
0.828488
0.519395
0.518173
0.277771
0.023338
0.054928
0.563211
0.443017
0.864814
0.245430
0.975516
0.778914
0.815718
0.077388
0.921250
0.107306
0.867950
0.424405
0.223194
0.099778
0.244522
0.580585
0.230653
0.534656
0.409469
0.042483
0.200099
0.480907
0.758745
0.378363
0.923350
0.587232
0.897758
0.441523
0.865004
0.921097
0.496451
0.428215
0.364114
0.361265
0.673645
0.339630
0.140179
0.489363
0.417018
0.061429
0.596669
0.284968
0.485834
0.819863
0.384746
0.730356
0.400447
0.615399
0.265012
0.809916
0.657882
0.465111
0.290823
0.416627
0.843474
0.214173
0.003859
0.741232
0.655695
0.868863
0.662329
0.152146
0.297077
0.026443
0.513412
0.970723
0.366073
0.653591
0.460085
0.783090
0.715020
0.056754
0.068058
0.200854
0.876617
0.452804
0.931210
0.277064
0.068204
0.196222
0.086980
0.726086
0.661333
0.377803
0.142713
0.504807
0.591976
0.146572
0.246039
0.247671
0.015435
0.908368
0.399818
0.312512
0.934811
0.913229
0.283235
0.300884
0.566820
0.743320
0.083974
0.281840
0.800074
0.152032
0.482694
0.676691
0.604837
0.413903
0.953755
0.673041
0.610125
0.040735
0.399127
0.271458
0.418538
0.541840
0.776265
0.010514
0.688412
0.022305
0.258185
0.703847
0.930673
0.658002
0.016359
0.865485
0.571232
0.299594
0.166368
0.138052
0.042914
0.250342
0.419892
0.842988
0.402375
0.902585
0.519678
0.007212
0.316488
0.473433
0.680252
0.926614
0.514168
0.079379
0.198072
0.932706
0.621219
0.974337
0.943220
0.309631
0.996642
0.201405
0.013477
0.927316
0.859407
0.029836
0.792800
0.430639
0.329430
0.959168
0.568691
0.372344
0.209511
0.988583
0.215332
0.611886
0.891168
0.735010
0.619098
0.207656
0.208444
0.299350
0.134270
0.722612
0.378729
0.332342
0.655318
0.999948
0.306680
0.598538
0.309579
0.303322
0.799943
0.323056
0.230637
0.659351
0.352892
0.023437
0.089990
0.682323
0.982606
0.658681
0.054667
0.192117
0.647263
0.269999
0.804002
0.538431
0.005009
0.423100
0.746088
0.213452
0.722450
0.880358
0.936064
0.101179
0.212700
0.591383
0.101127
0.519380
0.189921
0.410706
0.822702
0.989864
0.733762
0.053339
0.649215
0.086655
0.076777
0.739205
0.768977
0.059382
0.397886
0.823644
0.251499
0.045149
0.093643
0.055502
0.583581
0.098652
0.478602
0.329669
0.312104
0.201052
0.210027
0.248168
0.302231
0.422727
0.839551
0.403358
0.942107
0.029472
0.814064
0.764809
0.019336
0.547827
0.818148
0.668551
0.634481
0.894925
0.407756
0.403459
0.954307
0.805642
0.227103
0.205806
0.850791
0.320745
0.261308
0.434371
0.419397
0.739909
0.764040
0.731501
0.940961
0.974067
0.979669
0.243191
0.396794
0.819220
0.646549
0.338901
0.848692
0.460614
0.103709
0.868028
0.008440
0.921857
0.536579
0.642922
0.816782
0.944335
0.046380
0.771089
0.749976
0.273483
0.976895
0.600767
0.594229
0.238203
0.035138
0.013626
0.978112
0.799178
0.745127
0.919073
0.773245
0.724796
0.162264
0.170038
0.544016
0.808813
0.508939
0.392708
0.269427
0.612648
0.260736
0.277868
0.534506
0.797315
0.920789
0.351288
0.741650
0.967170
0.122377
0.491626
0.240653
0.099272
0.092393
0.834882
0.337475
0.127531
0.848507
0.315587
0.926709
0.593634
0.234660
0.699954
0.318430
0.396924
0.869992
0.862446
0.205737
0.378931
0.255154
0.475164
0.991579
0.515890
0.753032
0.526085
0.313204
0.673821
0.877372
0.054854
0.640991
0.999749
0.546480
0.881643
0.099021
0.638873
0.716525
0.436496
0.766404
0.565032
0.752083
0.693113
0.158666
0.986742
0.393067
0.477096
0.383666
0.263059
0.339542
0.589403
0.641990
0.594696
0.064567
0.633569
0.110586
0.817599
0.159653
0.423790
0.491420
0.037025
0.478644
0.132410
0.036775
0.025124
0.014054
0.135796
0.663997
0.730579
0.572292
0.430401
0.295611
0.324375
0.123515
0.454278
0.311117
0.516582
0.931374
0.694783
0.779641
0.270916
0.284186
0.421630
0.865612
0.348753
0.055199
0.976198
0.166352
0.214852
0.399988
0.657772
0.251878
0.878632
0.790182
0.288652
0.903756
0.804236
0.424448
0.567753
0.534815
0.996739
0.998155
0.830427
0.321114
0.121669
0.284705
0.632231
0.638251
0.216079
0.327014
0.417892
0.486995
0.611200
0.839522
0.352607
0.959953
0.894721
0.328804
0.126305
0.109573
0.728792
0.784077
0.361451
0.607424
0.574260
0.650103
0.511180
0.378496
0.074551
0.078934
0.913311
0.071290
0.077088
0.743738
0.392404
0.198758
0.028443
0.024635
0.837009
0.244521
0.351649
0.254900
0.731516
0.962849
0.094423
0.084123
0.922802
0.989144
0.412927
0.049108
0.098717
0.141719
0.833185
0.460168
0.749143
0.407445
0.110271
0.260324
0.785941
0.184821
0.339257
0.699252
0.256111
0.416345
0.442990
0.648515
0.615103
0.471433
0.673150
0.452111
0.715954
0.024799
0.707012
0.447470
0.987648
0.801434
0.531592
0.910450
0.790578
0.944519
0.959558
0.889296
0.086239
0.792743
0.349464
0.835382
0.200188
0.459734
0.095705
0.986128
0.644556
0.434962
0.685380
0.900667
0.851308
0.128371
0.549182
0.466410
0.599803
0.222332
0.918522
0.315757
0.247131
0.625534
0.763227
0.234779
0.426968
0.294819
0.145229
0.217546
0.239338
0.104787
0.106842
0.325577
0.897530
0.456305
0.160959
0.097717
0.916040
0.256664
0.083846
0.560596
0.691626
0.769226
0.461263
0.542934
0.897597
0.010445
0.009345
0.497400
0.232777
0.927866
0.813157
0.479909
0.553400
0.576383
0.714688
0.980368
0.871202
0.859917
0.197915
0.110540
0.964704
0.304757
0.436117
0.862234
0.761062
0.597075
0.959952
0.677102
0.853739
0.043798
0.237698
0.545366
0.813024
0.698960
0.088300
0.710621
0.709405
0.097644
0.208020
0.942182
0.025511
0.021177
0.422091
0.578911
0.597560
0.136779
0.559279
0.468762
0.996696
0.757194
0.579303
0.961401
0.061950
0.015419
0.823635
0.823012
0.612494
0.783587
0.500114
0.466234
0.827385
0.737812
0.011599
0.640409
0.436772
0.099899
0.351029
0.146178
0.197543
0.559049
0.088360
0.223054
0.580227
0.510451
0.801964
0.177787
0.647230
0.361243
0.646549
0.643926
0.118437
0.225852
0.605327
0.180387
0.241271
0.428962
0.003400
0.853766
0.212549
0.503514
0.319999
0.039934
0.241326
0.331599
0.680343
0.678099
0.431497
0.031372
0.824276
0.629041
0.590421
0.912636
0.852094
0.170648
0.423087
0.654059
0.348435
0.070317
0.015302
0.994984
0.714244
0.133739
0.220836
0.319571
0.314126
0.462107
0.748533
0.317526
0.315873
0.961082
0.821040
0.635873
0.001016
0.062366
0.967471
0.681359
0.740465
0.398969
0.712731
0.564741
0.028009
0.303152
0.477377
0.880103
0.473800
0.900464
0.534162
0.822235
0.970781
0.549464
0.817219
0.685025
0.683203
0.038055
0.004596
0.997329
0.500163
0.753129
0.314854
0.816036
0.714211
0.135894
0.451909
0.715227
0.198261
0.419380
0.396587
0.938725
0.818349
0.109318
0.503466
0.846358
0.412470
0.980844
0.726461
0.886270
0.881308
0.260623
0.708505
0.852089
0.810087
0.525724
0.537114
0.493289
0.563779
0.541710
0.490618
0.063942
0.294839
0.805472
0.879978
0.009050
0.941366
0.331886
0.724277
0.139627
0.751266
0.120864
0.078353
0.569615
0.230181
0.581819
0.415973
0.642651
0.562663
0.142434
0.528921
0.443971
0.403057
0.237426
0.296060
0.213144
0.763150
0.833174
0.706433
0.326929
0.374884
0.197051
0.390870
0.669723
0.002523
0.270848
0.678773
0.943889
0.602735
0.403050
0.083516
0.354001
0.523914
0.161869
0.923616
0.754095
0.743688
0.339588
0.396746
0.306351
0.482022
0.925668
0.750321
0.885078
0.163094
0.046381
0.098222
0.926243
0.879555
0.804655
0.253172
0.254440
0.001706
0.644042
0.924163
0.004228
0.914891
0.602935
0.948118
0.517625
0.005985
0.031634
0.871626
0.529899
0.193503
0.795242
0.283994
0.937191
0.134830
0.680740
0.243542
0.616851
0.606407
0.993863
0.501930
0.769501
0.040244
0.600152
0.695744
0.919799
0.404807
0.948916
0.174239
0.406512
0.592959
0.098402
0.410740
0.507849
0.701337
0.358858
0.025475
0.707322
0.390493
0.897101
0.237221
0.583996
0.692342
0.521214
0.521187
0.827172
0.201954
0.764729
0.444023
0.808362
0.758592
0.945953
0.577863
0.798836
0.546105
0.273607
0.718635
0.950911
0.222523
0.892874
0.357423
0.815482
0.991275
0.768164
0.323331
0.692612
0.127022
0.348806
0.399934
0.517514
0.245906
0.637155
0.101510
0.938248
0.158370
0.622697
0.765420
0.360324
0.387426
0.209443
0.168686
0.146018
0.155396
0.746549
0.944853
0.701500
0.020156
0.663488
0.652411
0.242679
0.556361
0.009834
0.058161
0.547637
0.777998
0.381492
0.240249
0.905020
0.730297
0.640183
0.422534
0.976203
0.277338
0.524044
0.914452
0.435708
0.146742
0.679871
0.796032
0.534167
0.889314
0.964718
0.680185
0.044710
0.711267
0.625038
0.746210
0.731422
0.288526
0.398622
0.974101
0.844887
0.408456
0.032262
0.392524
0.186454
0.413754
0.632773
0.091474
0.144051
0.272956
0.514008
0.120254
0.550294
0.038052
0.034706
0.986002
0.184794
0.714578
0.782034
0.718961
0.603892
0.746752
0.399146
0.648602
0.458018
0.024184
0.394812
0.189440
0.312710
0.793434
0.163542
0.157598
0.201890
0.195803
0.550122
0.388344
0.609557
0.182895
0.479817
0.753608
0.455850
0.993825
0.873862
0.006144
0.031878
0.908568
0.992146
0.216672
0.623146
0.774180
0.935633
0.227038
0.520932
0.334780
0.875640
0.978950
0.358964
0.270452
0.168390
0.671674
0.063886
0.331932
0.829272
0.265775
0.527735
0.379394
0.654119
0.137292
0.562288
0.133936
0.890900
0.018139
0.127762
0.764762
0.024283
0.159640
0.673331
0.016429
0.376312
0.296477
0.790609
0.311945
0.523515
0.311541
0.646725
0.399154
0.290491
0.005689
0.669606
0.458881
0.677363
0.733492
0.790812
0.506635
0.999267
0.318547
0.886029
0.653386
0.455839
0.448317
0.787322
0.346739
0.466456
0.915084
0.111502
0.490739
0.074724
0.784833
0.507169
0.451036
0.081309
0.297778
0.762981
0.604824
0.609319
0.409706
0.003978
0.899810
0.415394
0.673584
0.358690
0.092757
0.407076
0.149503
0.599392
0.406343
0.468050
0.485421
0.059729
0.923889
0.933739
0.847051
0.270629
0.400195
0.762136
0.382130
0.890934
0.836860
0.166963
0.398103
0.287896
0.248272
0.695881
0.050877
0.853096
0.305200
0.460583
0.857075
0.205009
0.875977
0.530659
0.563700
0.968734
0.937735
0.713202
0.568126
0.344078
0.181252
0.053547
0.403806
0.105142
0.987286
0.250858
0.375771
0.387481
0.012994
0.757901
0.278414
0.849854
0.924864
0.676517
0.137750
0.173137
0.372398
0.188627
0.026233
0.677597
0.649210
0.883308
0.882607
0.525187
0.413966
0.446306
0.493921
0.351701
0.159509
0.062047
0.695779
0.340761
0.115594
0.099585
0.445903
0.102880
0.350443
0.821673
0.490361
0.363437
0.579575
0.768775
0.213290
0.504439
0.445292
0.351040
0.677575
0.817690
0.539667
0.703808
0.495287
0.188877
0.587116
0.377894
0.714063
0.001082
0.824200
0.207984
0.352784
0.983709
0.270031
0.048562
0.324470
0.385625
0.148148
0.770373
0.488505
0.498591
0.592046
0.978866
0.862027
0.171621
0.747641
0.075318
0.676059
0.192933
0.426358
0.353635
0.010623
0.966024
0.057443
0.505910
0.154901
0.644559
0.883804
0.868964
0.645641
0.708004
0.076948
0.998425
0.691712
0.346978
0.046987
0.016182
0.732603
0.195135
0.786555
0.221108
0.693726
0.378601
0.199974
0.555753
0.550221
0.947615
0.631071
0.226281
0.140549
0.057429
0.579915
0.151172
0.023453
0.637358
0.657082
0.178354
0.281917
0.540886
0.047318
0.927558
0.248890
0.124266
0.925983
0.940602
0.471244
0.972971
0.956784
0.203847
0.168106
0.743339
0.424956
0.861832
0.121939
0.624930
0.417585
0.672161
0.572545
0.048656
0.898442
0.713094
0.106085
0.478357
0.864266
0.129538
0.115715
0.521348
0.307892
0.397632
0.062234
0.355210
0.325190
0.311124
0.479476
0.251173
0.251726
0.950720
0.224144
0.208510
0.154567
0.392250
0.951849
0.579523
0.254082
0.073788
0.204453
0.671667
0.745949
0.776998
0.720324
0.644391
0.490092
0.826409
0.122747
0.354358
0.955947
0.238462
0.875706
0.263839
0.636094
0.937940
0.619049
0.961284
0.249064
0.098524
0.212458
0.500790
0.049244
0.436602
0.709300
0.203811
0.828851
0.661149
0.783333
0.082933
0.734937
0.987786
0.754600
0.480886
0.764784
0.474924
0.125276
0.254877
0.301332
0.248023
0.609235
0.257279
0.486486
0.484941
0.521118
0.122580
0.422881
0.140167
0.083864
0.671945
0.238691
0.296322
0.172735
0.287935
0.732923
0.882035
0.491746
0.561775
0.543184
0.275079
0.644708
0.278120
0.262866
0.399308
0.759006
0.027650
0.874232
0.884282
0.282526
0.175564
0.132305
0.891761
0.432843
0.618791
0.376702
0.953961
0.741371
0.799583
0.094128
0.825235
0.471529
0.332820
0.121557
0.644264
0.620755
0.854480
0.526299
0.112500
0.416255
0.069483
0.387580
0.060962
0.347603
0.650445
0.460270
0.106609
0.678095
0.334502
0.990891
0.960622
0.510066
0.123196
0.852383
0.942909
0.741987
0.229085
0.896870
0.483358
0.028668
0.990999
0.308593
0.500197
0.323818
0.430150
0.144461
0.944573
0.284630
0.670760
0.057073
0.700885
0.740243
0.444653
0.761847
0.087846
0.095098
0.222117
0.194454
0.773193
0.556618
0.185345
0.733815
0.066684
0.308541
0.586198
0.009593
0.050529
0.815283
0.906463
0.533887
0.843952
0.897462
0.842481
0.344149
0.221281
0.272631
0.488610
0.165854
0.557261
0.159370
0.222927
0.258145
0.899613
0.667580
0.019992
0.987458
0.762678
0.242109
0.181913
0.535872
0.798727
0.367258
0.269687
0.865411
0.675799
0.855885
0.875004
0.726328
0.671168
0.781468
0.260215
0.515120
0.678930
0.102696
0.859269
0.900211
0.375326
0.347878
0.066064
0.932587
0.507248
0.288991
0.190732
0.406861
0.956571
0.210724
0.394319
0.719250
0.452832
0.576231
0.255122
0.251559
0.943489
0.524809
0.116970
0.619288
0.380694
0.991974
0.345616
0.051862
0.773442
0.605832
0.566982
0.452372
0.708527
0.426250
0.352582
0.083854
0.774129
0.418647
0.016441
0.281377
0.707638
0.207173
0.688238
0.664209
0.417896
0.082556
0.383459
0.870729
0.658788
0.638581
0.122288
0.602277
0.163390
0.239258
0.221565
0.544084
0.231232
0.567181
0.595946
0.004674
0.173013
0.162928
0.457046
0.881540
0.589178
0.809628
0.965394
0.363307
0.228274
0.981835
0.644683
0.935912
0.189007
0.332921
0.600121
0.606904
0.415477
0.983581
0.477632
0.074265
0.622161
0.599920
0.676542
0.785551
0.839178
0.898107
0.329635
0.070410
0.465288
0.925580
0.075084
0.638301
0.088508
0.532130
0.519841
0.677686
0.341757
0.485236
0.040992
0.570032
0.467070
0.685676
0.505944
0.656078
0.018597
0.106065
0.262981
0.434074
0.089646
0.740614
0.508339
0.711807
0.340533
0.184880
0.497358
0.179711
0.082987
0.826993
0.250121
0.548275
0.752574
0.325205
0.186576
0.841081
0.857334
0.706418
0.518767
0.199092
0.191653
0.559760
0.769124
0.658724
0.245435
0.275068
0.314801
0.264032
0.381133
0.577783
0.698106
0.470779
0.318396
0.206445
0.182586
0.658930
0.391325
0.679945
0.838641
0.474312
0.506938
0.088762
0.022587
0.259512
0.413967
0.209163
0.100593
0.271301
0.915581
0.619360
0.470393
0.107234
0.179120
0.239517
0.765958
0.424555
0.514584
0.080760
0.688587
0.895717
0.658542
0.386693
0.366496
0.976939
0.593138
0.549083
0.635869
0.984463
0.229027
0.474509
0.458775
0.735965
0.563271
0.481362
0.995477
0.977238
0.690525
0.096070
0.248540
0.606107
0.715430
0.718933
0.713341
0.894550
0.958450
0.479299
0.319105
0.473035
0.560059
0.007693
0.368752
0.218601
0.394386
0.735248
0.195540
0.987524
0.284331
0.831409
0.971987
0.513358
0.305918
0.430762
0.249324
0.869189
0.912124
0.244801
0.846428
0.602649
0.340871
0.094968
0.208755
0.056301
0.813901
0.922096
0.950851
0.772351
0.401396
0.269956
0.245385
0.961454
0.277649
0.614137
0.180056
0.672035
0.349386
0.375596
0.659559
0.633717
0.207004
0.631546
0.147075
0.512922
0.062307
0.396399
0.382112
0.974431
0.641199
0.228540
0.577080
0.982070
0.323507
0.785835
0.038371
0.137408
0.707932
0.989222
0.909759
0.109328
0.259178
0.155144
0.070782
0.536828
0.769281
0.250838
0.208863
0.118667
0.626433
0.868422
0.752383
0.833438
0.499968
0.899458
0.346360
0.562276
0.295857
0.728472
0.536707
0.937056
0.957011
0.113787
0.919126
0.280518
0.899622
0.957497
0.417926
0.607554
0.946719
0.327685
0.716882
0.205898
0.482829
0.787664
0.742725
0.252110
0.038501
0.951588
0.370777
0.664934
0.820011
0.123160
0.498372
0.319979
0.022619
0.844732
0.882255
0.318476
0.573203
0.418961
0.255532
0.530215
0.532748
0.174659
0.810733
0.432370
0.132156
0.228659
0.039924
0.078875
0.556344
0.756806
0.284773
0.039173
0.544469
0.027498
0.291283
0.582970
0.979087
0.662060
0.247905
0.799097
0.785221
0.746277
0.119076
0.807839
0.591009
0.001331
0.126315
0.164212
0.420292
0.381847
0.694427
0.953040
0.556506
0.505159
0.385410
0.688662
0.733818
0.425334
0.767537
0.290162
0.182139
0.052309
0.329335
0.726609
0.079807
0.620619
0.309579
0.058894
0.282679
0.557484
0.857991
0.067900
0.303761
0.977067
0.875739
0.894769
0.978398
0.002054
0.058981
0.398690
0.383901
0.753408
0.351729
0.940407
0.258567
0.737139
0.629069
0.992386
0.162472
0.396605
0.282548
0.344612
0.448915
0.611884
0.071220
0.528722
0.232502
0.380799
0.587616
0.515181
0.938283
0.445607
0.583081
0.242043
0.422674
0.458820
0.136813
0.401072
0.460874
0.195794
0.799762
0.844776
0.949202
0.151491
0.785183
0.207769
0.888630
0.414251
0.200155
0.051102
0.810857
0.482703
0.395714
0.259771
0.094586
0.466934
0.788493
0.327089
0.847734
0.376109
0.842270
0.786016
0.821716
0.425351
0.028060
0.244391
0.884171
0.164872
0.645463
0.345045
0.360666
0.445225
0.189821
0.309868
0.596716
0.975004
0.517636
0.485346
0.389255
0.717791
0.536448
0.200112
0.200494
0.932163
0.459883
0.295080
0.399097
0.248376
0.622169
0.246831
0.624485
0.464438
0.032847
0.446201
0.889789
0.060907
0.690592
0.773960
0.225779
0.336055
0.119006
0.586445
0.781280
0.308827
0.896313
0.377996
0.283830
0.413949
0.863342
0.673086
0.131740
0.399790
0.873197
0.332234
0.331953
0.333080
0.627313
0.731050
0.581456
0.249482
0.977880
0.205941
0.713920
0.010727
0.652142
0.603710
0.071634
0.342733
0.377670
0.297413
0.678788
0.496676
0.883858
0.460068
0.805503
0.780171
0.838064
0.089333
0.194120
0.701405
0.762419
0.325859
0.101196
0.635616
0.658093
0.433149
0.968696
0.285407
0.164199
0.550152
0.534889
0.142079
0.756092
0.248809
0.152807
0.408234
0.852519
0.224441
0.750967
0.230189
0.521854
0.429755
0.726865
0.405712
0.889823
0.532367
0.185882
0.727886
0.621700
0.380002
0.429292
0.384119
0.705861
0.530487
0.019735
0.363954
0.963636
0.988431
0.649361
0.127835
0.538582
0.184249
0.269914
0.294674
0.433058
0.422721
0.702908
0.285577
0.647161
0.453875
0.515766
0.169015
0.883630
0.242630
0.574726
0.773453
0.774998
0.760608
0.501339
0.396698
0.140610
0.930630
0.780817
0.846471
0.461118
0.800552
0.210425
0.424754
0.788982
0.859786
0.552588
0.327565
0.044035
0.822502
0.622239
0.477093
0.245223
0.325147
0.762670
0.892384
0.779022
0.278435
0.061399
0.662651
0.521066
0.636126
0.436104
0.296063
0.396734
0.937443
0.692762
0.537344
0.868073
0.473579
0.383815
0.329190
0.274131
0.594240
0.753944
0.063113
0.454026
0.306533
0.390678
0.498060
0.129035
0.012917
0.975153
0.374258
0.338063
0.737823
0.266643
0.117085
0.016258
0.328042
0.779736
0.537323
0.964167
0.215840
0.833387
0.360901
0.153283
0.526149
0.898245
0.021356
0.999727
0.282060
0.350546
0.273858
0.876300
0.104490
0.336971
0.330326
0.411023
0.727648
0.828386
0.540058
0.740565
0.803539
0.914316
0.078628
0.541362
0.180959
0.195713
0.557620
0.509001
0.975450
0.094943
0.473168
0.191290
0.928330
0.834069
0.344573
0.454479
0.732315
0.365928
0.454206
0.014375
0.716475
0.728064
0.890676
0.820965
0.065034
0.221002
0.231988
0.792683
0.049388
0.772046
0.533248
0.852927
0.686362
0.611876
0.394289
0.867321
0.807590
0.951909
0.376322
0.783039
0.046852
0.849490
0.974329
0.975182
0.683560
0.318902
0.429661
0.415875
0.684830
0.883867
0.430250
0.401305
0.611930
0.320925
0.222270
0.676965
0.541927
0.454258
0.469647
0.591315
0.226304
0.002895
0.444242
0.912666
0.614772
0.838531
0.779988
0.422361
0.790440
0.156310
0.205400
0.837292
0.005800
0.179729
0.812474
0.689360
0.498631
0.242135
0.105234
0.183461
0.126001
0.535484
0.584766
0.737931
0.856409
0.807035
0.414896
0.398336
0.261293
0.884543
0.989651
0.487597
0.887439
0.433893
0.400263
0.502210
0.272424
0.180251
0.924572
0.062864
0.336561
0.129972
0.900156
0.342361
0.309701
0.712630
0.031720
0.808332
0.954765
0.136955
0.991793
0.080766
0.672439
0.576558
0.818698
0.528848
0.383593
0.233594
0.927184
0.644886
0.118137
0.916835
0.132483
0.005576
0.350728
0.532746
0.507786
0.623152
0.712997
0.432358
0.686017
0.049557
0.562330
0.586173
0.391918
0.872031
0.298803
0.423638
0.680362
0.253567
0.560592
0.672155
0.334333
0.233031
0.248714
0.153031
0.761879
0.632307
0.386625
0.689063
0.277193
0.504762
0.605899
0.409676
0.510338
0.956627
0.942422
0.018124
0.579780
0.655419
0.450482
0.265796
0.704976
0.012811
0.851969
0.096893
0.884842
0.150771
0.520531
0.565204
0.404339
0.081124
0.237360
0.738672
0.314155
0.486073
0.891703
0.076034
0.118380
0.278328
0.765097
0.395573
0.783090
0.370996
0.805249
0.293427
0.327623
0.747671
0.311551
0.907403
0.403090
0.762033
0.173199
0.108066
0.774845
0.025168
0.204959
0.659686
0.175939
0.725490
0.224891
0.580278
0.806614
0.462250
0.318950
0.120768
0.948323
0.210653
0.196802
0.066703
0.488981
0.961899
0.462277
0.272071
0.332895
0.267526
0.565498
0.660519
0.015197
0.877050
0.567922
0.418287
0.639083
0.741121
0.526353
0.413928
0.766289
0.731312
0.073614
0.942228
0.456802
0.298505
0.522506
0.263415
0.760755
0.841456
0.384183
0.709078
0.052109
0.580985
0.775782
0.541091
0.542884
0.238058
0.813161
0.875780
0.505584
0.378660
0.536298
0.520781
0.255710
0.104220
0.939069
0.894793
0.845341
0.465421
0.308720
0.611630
0.196733
0.382335
0.553858
0.653535
0.680839
0.076364
0.916950
0.441594
0.917820
0.301133
0.150673
0.969929
0.882118
0.926454
0.511020
0.425003
0.164513
0.324181
0.300782
0.670097
0.702841
0.837081
0.190878
0.958551
0.941301
0.129947
0.853344
0.786642
0.595368
0.162064
0.398272
0.792101
0.544399
0.952130
0.445636
0.225238
0.028494
0.362586
0.666833
0.946314
0.663719
0.817505
0.916243
0.545837
0.743960
0.427263
0.970840
0.908472
0.751444
0.271623
0.578569
0.454286
0.108703
0.769448
0.412837
0.050004
0.899394
0.266180
0.836646
0.494763
0.428245
0.234918
0.286864
0.972644
0.187047
0.732500
0.197882
0.215541
0.095086
0.864714
0.161854
0.758805
0.682219
0.078097
0.304643
0.426179
0.505360
0.275483
0.334652
0.256805
0.547106
0.913221
0.711090
0.655809
0.682668
0.123927
0.705813
0.582063
0.390107
0.542460
0.076825
0.818352
0.777377
0.363690
0.790995
0.964425
0.096190
0.988877
0.179965
0.191276
0.853591
0.341820
0.950081
0.535810
0.419917
0.254724
0.961990
0.925278
0.530207
0.296641
0.182082
0.077313
0.209862
0.893172
0.733122
0.892531
0.017099
0.438936
0.474593
0.407206
0.981395
0.551419
0.225557
0.758772
0.915108
0.016553
0.723197
0.011298
0.005429
0.903162
0.202574
0.859020
0.244982
0.152656
0.394831
0.664900
0.407380
0.356820
0.590177
0.937587
0.653462
0.772259
0.014900
0.863324
0.665432
0.748022
0.755854
0.682530
0.186958
0.230448
0.089736
0.168353
0.781866
0.315294
0.927125
0.696975
0.331846
0.650323
0.708273
0.337275
0.553485
0.910847
0.196296
0.798467
0.063503
0.591127
0.463367
0.470883
0.947947
0.053544
0.408470
0.601409
0.825804
0.423370
0.464733
0.491236
0.171393
0.220587
0.173766
0.358351
0.451035
0.263502
0.526704
0.232901
0.578796
0.453829
0.929876
0.910642
0.104152
0.638149
0.247917
0.657637
0.548996
0.444213
0.456104
0.612499
0.035340
0.919471
0.083382
0.983287
0.973016
0.491852
0.584696
0.798819
0.915222
0.049428
0.290055
0.086615
0.270015
0.463821
0.444965
0.721050
0.727323
0.971669
0.953951
0.306119
0.425498
0.883827
0.216761
0.529650
0.521976
0.464678
0.187286
0.070971
0.908891
0.643390
0.683470
0.944231
0.562862
0.766852
0.927518
0.535877
0.258704
0.512213
0.334697
0.173925
0.561642
0.624752
0.260540
0.831657
0.088573
0.705505
0.552707
0.815896
0.677174
0.506658
0.122015
0.102672
0.390485
0.338776
0.632322
0.912460
0.803454
0.819609
0.983432
0.712345
0.462999
0.666902
0.656576
0.025861
0.433754
0.584094
0.561738
0.692457
0.096307
0.896434
0.866383
0.657949
0.521186
0.126923
0.489606
0.609759
0.832428
0.042312
0.425655
0.509603
0.548970
0.547670
0.612275
0.939455
0.886446
0.244597
0.851915
0.689899
0.064206
0.835347
0.402244
0.527205
0.502249
0.058820
0.553066
0.936003
0.642914
0.114804
0.628460
0.739221
0.011238
0.494843
0.397169
0.532424
0.621766
0.886775
0.142183
0.454194
0.929087
0.567838
0.963797
0.478058
0.115507
0.576072
0.417513
0.001953
0.820669
0.269428
0.691852
0.884875
0.104775
0.094097
0.412080
0.607024
0.152917
0.965146
0.543027
0.795831
0.079949
0.171487
0.535052
0.091188
0.666329
0.932221
0.623612
0.288095
0.818996
0.765795
0.742289
0.748083
0.333632
0.706086
0.226141
0.449140
0.282157
0.643654
0.451093
0.102826
0.913082
0.142945
0.987701
0.017857
0.237042
0.399781
0.624881
0.389960
0.364926
0.167907
0.185791
0.444876
0.339394
0.720843
0.536063
0.005724
0.653064
0.159675
0.293819
0.472060
0.925470
0.036108
0.220143
0.259102
0.742194
0.446284
0.708242
0.024351
0.089938
0.159335
0.127177
0.003019
0.302280
0.114878
0.020876
0.539323
0.514659
0.645757
0.929282
0.879585
0.813664
0.115073
0.324461
0.153058
0.835915
0.860524
0.158782
0.488979
0.020199
0.452601
0.961039
0.945669
0.488709
0.181182
0.204771
0.230903
0.627466
0.913013
0.255254
0.717404
0.072348
0.382431
0.720424
0.374629
0.497309
0.741300
0.913951
0.011968
0.387057
0.843233
0.891554
0.200721
0.958306
0.216015
0.353779
0.794221
0.076539
0.512562
0.283201
0.096738
0.965162
0.244240
0.042408
0.453871
0.425422
0.247179
0.684774
0.052888
0.160192
0.940027
0.770292
0.232541
0.322458
0.490716
0.607169
0.819767
0.232016
0.521120
0.831735
0.619072
0.364354
0.723289
0.819793
0.322660
0.939304
0.173573
0.116881
0.015843
0.686135
0.400082
0.112581
0.651297
0.644321
0.154989
0.105168
0.069743
0.402168
0.789942
0.122631
0.562360
0.729970
0.892923
0.794901
0.052428
0.383639
0.402070
0.872195
0.615655
0.923191
0.703931
0.234727
0.287545
0.427220
0.054521
0.610204
0.366523
0.228094
0.727085
0.382366
0.914228
0.127167
0.494947
0.565525
0.771488
0.649936
0.670694
0.841231
0.052104
0.460636
0.963862
0.614464
0.190605
0.856785
0.409365
0.243033
0.240425
0.811435
0.115228
0.856080
0.734626
0.819159
0.090807
0.022171
0.246378
0.145328
0.632375
0.612902
0.373422
0.359460
0.995268
0.287650
0.486627
0.490215
0.853176
0.258115
0.140151
0.523869
0.099346
0.192255
0.984505
0.063208
0.806719
0.175110
0.919993
0.216084
0.418144
0.160418
0.027520
0.533372
0.016498
0.762146
0.352531
0.107305
0.784317
0.598909
0.252633
0.416692
0.211810
0.626054
0.776152
0.207078
0.913705
0.262779
0.697293
0.766880
0.520894
0.837444
0.290749
0.620240
0.029699
0.275254
0.683448
0.836418
0.450365
0.603442
0.052502
0.868508
0.763860
0.080022
0.401880
0.780358
0.842168
0.754411
0.887662
0.626484
0.353320
0.140295
0.043176
0.565130
0.766349
0.819328
0.772208
0.680054
0.082107
0.469501
0.446934
0.603001
0.306944
0.737684
0.223242
0.336643
0.012938
0.906690
0.173061
0.463303
0.510132
0.225563
0.331811
0.273992
0.305584
0.733691
0.054349
0.147752
0.488102
0.942011
0.774236
0.841422
0.082306
0.817413
0.406552
0.848656
0.636741
0.178760
0.528710
0.718848
0.648261
0.975644
0.321849
0.955205
0.713328
0.545091
0.291848
0.726266
0.451781
0.464908
0.189568
0.961913
0.690471
0.521379
0.235904
0.996055
0.255070
0.290254
0.143807
0.743172
0.232265
0.918044
0.584594
0.314571
0.735456
0.991146
0.163227
0.372197
0.169906
0.691937
0.091045
0.818167
0.667581
0.412894
0.773372
0.380909
0.957985
0.065220
0.107175
0.409766
0.530128
0.296743
0.371679
0.220599
0.818122
0.607584
0.216654
0.073192
0.897837
0.360461
0.816365
0.130102
0.278505
0.400959
0.444674
0.013961
0.392105
0.607901
0.386158
0.562011
0.299838
0.477203
0.380178
0.967420
0.890097
0.153550
0.348329
0.848082
0.218770
0.455503
0.257849
0.748898
0.752246
0.629528
0.969497
0.570368
0.237111
0.186152
0.643560
0.134949
0.546613
0.459925
0.265051
0.825118
0.860884
0.709724
0.839079
0.252990
0.317625
0.225237
0.815001
0.617463
0.702440
0.195179
0.584883
0.592537
0.348730
0.933211
0.440619
0.567500
0.388715
0.698467
0.316398
0.140961
0.327995
0.285895
0.711328
0.565107
0.472047
0.354889
0.700055
0.018660
0.814814
0.965106
0.843778
0.675698
0.674830
0.682857
0.928688
0.992455
0.908094
0.743689
0.609919
0.610533
0.938869
0.194802
0.203070
0.287598
0.128013
0.643689
0.855098
0.516728
0.342156
0.171496
0.657688
0.670151
0.457391
0.369017
0.235258
0.929437
0.723905
0.935313
0.948097
0.538719
0.900419
0.791875
0.214418
0.575250
0.474732
0.143106
0.567705
0.382825
0.886795
0.177624
0.993359
0.825664
0.372426
0.196428
0.113262
0.500439
0.840117
0.968360
0.017166
0.182273
0.139855
0.674854
0.852424
0.597246
0.043871
0.087682
0.526683
0.767776
0.022996
0.474781
0.306495
0.923415
0.266656
0.520913
0.498665
0.741387
0.664019
0.066370
0.124213
0.550814
0.243994
0.117571
0.376477
0.616419
0.314000
0.489739
0.116858
0.154116
0.458099
0.134024
0.336389
0.597954
0.808878
0.188814
0.195200
0.852749
0.276496
0.721883
0.620525
0.299492
0.196664
0.927020
0.222907
0.463320
0.447933
0.721571
0.204707
0.111952
0.787941
0.328920
0.662765
0.031935
0.446491
0.039242
0.648354
0.760491
0.528981
0.765211
0.914607
0.987080
0.899235
0.250997
0.585034
0.708113
0.439810
0.780234
0.560862
0.716306
0.502117
0.181387
0.015798
0.698781
0.108407
0.238705
0.162101
0.556340
0.960276
0.366808
0.668292
0.748217
0.695728
0.331057
0.780152
0.142220
0.370300
0.428505
0.902710
0.899281
0.193717
0.817317
0.886361
0.092952
0.068314
0.471395
0.801065
0.508124
0.251629
0.361927
0.224431
0.753746
0.543314
0.240229
0.452527
0.651721
0.478934
0.614628
0.208061
0.439210
0.981437
0.876353
0.187427
0.677165
0.207411
0.967578
0.819385
0.577710
0.396084
0.722095
0.476992
0.589800
0.539412
0.363353
0.682752
0.607726
0.834748
0.483816
0.115851
0.086377
0.845743
0.340281
0.840123
0.389057
0.580510
0.292650
0.040778
0.059444
0.907279
0.248839
0.498653
0.888715
0.125192
0.686080
0.565880
0.332603
0.653659
0.385265
0.910313
0.049742
0.107360
0.387305
0.639542
0.646772
0.750658
0.322294
0.254499
0.585406
0.806110
0.370349
0.671782
0.651854
0.710631
0.511905
0.040911
0.291141
0.804555
0.081688
0.350585
0.711834
0.330527
0.849238
0.600549
0.455719
0.535318
0.166430
0.788322
0.188977
0.551695
0.698635
0.238719
0.659054
0.085940
0.878261
0.305827
0.836597
0.200555
0.560325
0.422003
0.006665
0.930675
0.093786
0.658518
0.641306
0.605691
0.699429
0.932446
0.410246
0.781117
0.283031
0.122080
0.111645
0.132269
0.722629
0.567364
0.667587
0.889059
0.355686
0.856564
0.440753
0.054321
0.095283
0.099808
0.140261
0.973543
0.405634
0.976858
0.174098
0.965960
0.398861
0.180763
0.896635
0.492647
0.839281
0.537940
0.098338
0.538710
0.470387
0.508584
0.319828
0.753418
0.630664
0.431472
0.885687
0.353293
0.998837
0.553274
0.242352
0.354523
0.409838
0.683105
0.408843
0.505120
0.782913
0.549104
0.478664
0.188547
0.525962
0.652762
0.154507
0.924823
0.833524
0.051142
0.417470
0.672806
0.589082
0.515808
0.211516
0.059469
0.024391
0.531343
0.812886
0.655055
0.962816
0.698573
0.008348
0.961652
0.251847
0.250700
0.316175
0.661684
0.933804
0.725018
0.166805
0.716717
0.274122
0.645468
0.905264
0.800085
0.298230
0.059771
0.724908
0.131754
0.110913
0.142378
0.804560
0.699994
0.658186
0.016075
0.759463
0.682577
0.547419
0.572349
0.337632
0.510235
0.270922
0.345980
0.471887
0.522769
0.596680
0.788062
0.184453
0.530484
0.513080
0.351258
0.247201
0.787203
0.996726
0.152465
0.587287
0.294956
0.212236
0.312195
0.426710
0.323148
0.454573
0.231270
0.023143
0.112758
0.247345
0.782606
0.795335
0.794764
0.354955
0.132967
0.304999
0.625877
0.478947
0.776886
0.148646
0.075627
0.564948
0.333099
0.606111
0.078028
0.684357
0.853312
0.865231
0.681083
0.005777
0.452518
0.976039
0.218012
0.764713
0.402748
0.541161
0.219286
0.634018
0.564304
0.332044
0.881363
0.346910
0.127379
0.676127
0.701865
0.260347
0.981125
0.327743
0.739294
0.758011
0.476389
0.814920
0.322959
0.809488
0.421031
0.400987
0.493845
0.274343
0.266217
0.174928
0.280119
0.718735
0.150967
0.498132
0.483448
0.553715
0.039293
0.702734
0.187733
0.603597
0.034778
0.069096
0.950507
0.162157
0.745223
0.652372
0.422504
0.726349
0.980115
0.161798
0.484360
0.456504
0.976718
0.807319
0.265992
0.397749
0.208306
0.759838
0.672092
0.474523
0.934766
0.952211
0.193258
0.085733
0.450343
0.676706
0.639449
0.489636
0.379440
0.827182
0.093233
0.414218
0.896279
0.043739
0.576375
0.641502
0.696112
0.998879
0.367851
0.676227
0.160677
0.852211
0.132731
0.137395
0.659529
0.398723
0.535145
0.867835
0.158561
0.207237
0.342358
0.093327
0.159448
0.535616
0.179061
0.609791
0.212322
0.818510
0.099427
0.591762
0.645692
0.192660
0.005980
0.541971
0.236399
0.582355
0.183473
0.932511
0.581234
0.551323
0.608738
0.741911
0.403534
0.741468
0.879306
0.063063
0.140191
0.414450
0.930898
0.298752
0.621687
0.273256
0.392079
0.781135
0.808872
0.571140
0.390926
0.021194
0.389650
0.490354
0.612955
0.035342
0.683014
0.618935
0.577312
0.919413
0.201290
0.760785
0.851924
0.782524
0.312108
0.460662
0.524434
0.715642
0.202130
0.403740
0.778705
0.342321
0.818191
0.709603
0.641073
0.439878
0.982858
0.033152
0.221013
0.791730
0.604292
0.611939
0.812923
0.993942
0.102293
0.425879
0.029283
0.785306
0.044814
0.606595
0.704719
0.246104
0.367380
0.556643
0.028627
0.679488
0.017305
0.553062
0.395130
0.219434
0.956802
0.173835
0.561755
0.774992
0.883437
0.202828
0.214870
0.866295
0.235980
0.435882
0.658025
0.840272
0.047821
0.470949
0.834213
0.150114
0.896827
0.863496
0.935420
0.941641
0.470092
0.640139
0.187745
0.837472
0.196782
0.216372
0.516960
0.214087
0.769434
0.912089
0.433521
0.726235
0.085924
0.995276
0.501228
0.969361
0.198104
0.716097
0.835657
0.434084
0.151980
0.493682
0.274356
0.199801
0.964630
0.108569
0.349915
0.861458
0.972065
0.285335
0.803099
0.442157
0.925474
0.990844
0.279628
0.122256
0.207216
0.796588
0.336343
0.976650
0.708677
0.769864
0.702885
0.794601
0.765141
0.204113
0.763962
0.963245
0.920210
0.599619
0.397329
0.072190
0.093300
0.671684
0.271991
0.057931
0.780253
0.621906
0.919389
0.752318
0.907241
0.722488
0.194475
0.832715
0.713331
0.474103
0.954971
0.920548
0.270691
0.291315
0.897197
0.979368
0.061179
0.600082
0.773969
0.826320
0.804195
0.537931
0.789565
0.724405
0.137550
0.186893
0.796595
0.230850
0.858577
0.068586
0.288781
0.638830
0.690491
0.208170
0.391148
0.597732
0.930657
0.585623
0.430447
0.643989
0.059727
0.385419
0.564536
0.330418
0.676734
0.461734
0.309787
0.737913
0.061816
0.083756
0.564233
0.866011
0.621687
0.353798
0.590417
0.759237
0.540691
0.387012
0.990088
0.399268
0.455597
0.278869
0.038098
0.146089
0.487039
0.429247
0.743821
0.417696
0.014870
0.174268
0.061685
0.074597
0.559687
0.626221
0.405015
0.236421
0.087955
0.714802
0.974334
0.149771
0.798558
0.538567
0.015783
0.420245
0.892364
0.606199
0.179483
0.433055
0.993211
0.169570
0.832323
0.448808
0.448440
0.870421
0.594897
0.935479
0.299668
0.338718
0.353175
0.314538
0.512986
0.414860
0.389135
0.072673
0.041082
0.794150
0.309094
0.129037
0.508952
0.283427
0.278808
0.307509
0.821994
0.294591
0.727754
0.714358
0.900790
0.907237
0.147413
0.894001
0.076807
0.979736
0.342809
0.525247
0.850157
0.937706
0.460726
0.149824
0.276424
0.813901
0.464362
0.789410
0.228761
0.853497
0.862083
0.269842
0.647647
0.171177
0.398879
0.156598
0.454604
0.677687
0.464108
0.276598
0.972278
0.191862
0.990956
0.873068
0.099099
0.138369
0.767069
0.175906
0.118104
0.109877
0.701153
0.968261
0.047583
0.161879
0.118085
0.324007
0.975780
0.582447
0.113416
0.204540
0.435944
0.975499
0.474383
0.083591
0.146675
0.873261
0.240189
0.601279
0.550948
0.704297
0.877877
0.523226
0.896159
0.868833
0.396294
0.995258
0.007202
0.163362
0.171164
0.125306
0.273240
0.872318
0.093567
0.320823
0.034197
0.211652
0.644830
0.009977
0.794100
0.758246
0.214517
0.230043
0.733745
0.688900
0.313634
0.880420
0.562161
0.553823
0.481700
0.113109
0.258120
0.359577
0.636335
0.154279
0.228411
0.032629
0.149537
0.235613
0.195991
0.320701
0.360919
0.469231
0.193019
0.454487
0.790054
0.227216
0.666139
0.434883
0.237193
0.460239
0.193129
0.451710
0.690282
0.926874
0.140609
0.003916
0.807295
0.702771
0.557739
0.288994
0.815880
0.815859
0.648572
0.452215
0.970138
0.876982
0.484845
0.119676
0.112595
0.680836
0.440377
0.473514
0.150067
0.633396
0.928001
0.940120
0.860613
0.594140
0.375004
0.097805
0.054378
0.568133
0.549515
0.744660
0.495007
0.690125
0.748576
0.302302
0.392895
0.306315
0.591296
0.208775
0.122175
0.239867
0.660991
0.092313
0.116849
0.145835
0.211989
0.229444
0.826671
0.652366
0.702958
0.976737
0.285762
0.630959
0.916858
0.146375
0.225099
0.291861
0.244180
0.279477
0.859994
0.793695
0.024137
0.355001
0.483820
0.772713
0.657303
0.876715
0.079028
0.248598
0.085490
0.201202
0.488466
0.746480
0.293515
0.605315
0.892315
0.505504
0.834760
0.718986
0.157870
0.537718
0.695724
0.443632
0.168677
0.612581
0.590007
0.393776
0.904442
0.834187
0.673252
0.764437
0.627882
0.697389
0.119438
0.111702
0.470102
0.776740
0.988416
0.549129
0.025339
0.073906
0.750332
0.513805
0.820387
0.043847
0.119120
0.712702
0.549352
0.953880
0.431688
0.707221
0.491598
0.127412
0.150854
0.660275
0.739993
0.740860
0.054050
0.644435
0.575047
0.727303
0.408872
0.202929
0.424691
0.528310
0.314631
0.894793
0.305050
0.303047
0.443923
0.330389
0.376954
0.194254
0.844193
0.197340
0.238102
0.963313
0.910042
0.787453
0.917193
0.341731
0.494675
0.408790
0.469143
0.645528
0.069065
0.209136
0.386389
0.123115
0.853571
0.961436
0.850418
0.262443
0.164365
0.275109
0.790752
0.478996
0.169902
0.095802
0.782043
0.613825
0.426191
0.158997
0.808079
0.270384
0.356337
0.046181
0.233697
0.266379
0.833635
0.150890
0.608110
0.328310
0.559680
0.077253
0.973838
0.628745
0.286388
0.360227
0.751861
0.139959
0.321663
0.602279
0.402402
0.486028
0.877388
0.193154
0.965024
0.047291
0.288957
0.747067
0.661116
0.715148
0.906064
0.469195
0.985532
0.262401
0.515376
0.219229
0.528780
0.349011
0.370119
0.136890
0.677321
0.929799
0.214143
0.651159
0.558545
0.500531
0.011386
0.310406
0.640490
0.333049
0.912685
0.042892
0.819077
0.790073
0.236047
0.784100
0.837363
0.525004
0.531167
0.498479
0.240151
0.437231
0.967674
0.225683
0.699631
0.483050
0.444912
0.228411
0.832061
0.815031
0.365301
0.509382
0.744830
0.579444
0.160541
0.303375
0.079975
0.171927
0.613781
0.720466
0.504975
0.526465
0.763358
0.324052
0.316538
0.999405
0.108152
0.153901
0.524409
0.639319
0.652380
0.764560
0.076550
0.620054
0.990243
0.776181
0.103104
0.435155
0.004592
0.935165
0.250186
0.369893
0.444547
0.995016
0.949338
0.605088
0.298391
0.029313
0.777015
0.912172
0.749779
0.281990
0.438637
0.513137
0.606042
0.755175
0.512542
0.714195
0.909076
0.036950
0.353514
0.561456
0.801510
0.430063
0.181510
0.791753
0.206244
0.284614
0.226908
0.210836
0.219780
0.477093
0.580729
0.664327
0.472109
0.530067
0.269415
0.770500
0.559380
0.046431
0.682671
0.309159
0.328421
0.121308
0.822296
0.934463
0.876483
0.334837
0.648658
0.785559
0.371788
0.002172
0.347014
0.173298
0.432235
0.528524
0.965051
0.638479
0.813138
0.191958
0.849315
0.032918
0.669051
0.430044
0.697245
0.141160
0.960111
0.966660
0.911660
0.519491
0.013091
0.594331
0.828650
0.341512
0.715640
0.650946
0.275975
0.592122
0.985783
0.924633
0.377681
0.357571
0.926805
0.724695
0.530869
0.359040
0.253220
0.495920
0.997519
0.066358
0.687878
0.846834
0.099276
0.356929
0.276878
0.796521
0.498090
0.236989
0.763181
0.409750
0.756481
0.776272
0.004081
0.585131
0.117784
0.719721
0.236077
0.393760
0.311843
0.221860
0.318393
0.689524
0.579431
0.245198
0.414219
0.110300
0.604238
0.667439
0.606220
0.601756
0.733797
0.294098
0.448590
0.833073
0.651027
0.725468
0.629594
0.149117
0.962457
0.392775
0.558866
0.718938
0.169048
0.562947
0.304069
0.286832
0.282668
0.540146
0.680592
0.594511
0.762006
0.998985
0.284035
0.341437
0.244183
0.698254
0.451737
0.848420
0.365692
0.057957
0.450176
0.099489
0.352055
0.898766
0.932561
0.003082
0.624234
0.562155
0.152199
0.586691
0.954930
0.711065
0.305629
0.123978
0.274012
0.609698
0.410810
0.556681
0.149844
0.091401
0.151192
0.911850
0.090386
0.435226
0.253287
0.334568
0.133480
0.705024
0.182989
0.499172
0.762982
0.633165
0.598661
0.115037
0.531931
0.531223
0.118119
0.156165
0.093378
0.270317
0.742857
0.048308
0.981382
0.048486
0.172285
0.255395
0.658184
0.583095
0.812075
0.808027
0.674496
0.963267
0.719877
0.764882
0.398493
0.973164
0.099451
0.531973
0.678188
0.282439
0.031146
0.441170
0.915604
0.629807
0.556206
0.447536
0.161030
0.674325
0.603701
0.254407
0.944643
0.346558
0.302715
0.926025
0.395044
0.475000
0.181420
0.053227
0.058095
0.993495
0.861255
0.732592
0.956762
0.581132
0.497474
0.355256
0.554296
0.596925
0.887229
0.232484
0.879364
0.918375
0.673653
0.794968
0.548182
0.229860
0.242504
0.709211
0.904185
0.846205
0.963619
0.848828
0.192763
0.266334
0.774853
0.587807
0.741334
0.956273
0.641034
0.799430
0.949768
0.502289
0.532021
0.906531
0.083421
0.029495
0.261786
0.637717
0.626420
0.149015
0.870200
0.505784
0.067390
0.543854
0.300752
0.615572
0.773714
0.543256
0.324784
0.677899
0.389461
0.288402
0.526727
0.582224
0.554736
0.301580
0.170030
0.296070
0.257853
0.811064
0.095500
0.207621
0.313353
0.627521
0.114152
0.396774
0.657016
0.375938
0.034490
0.283436
0.524953
0.904691
0.789220
0.592343
0.448545
0.089971
0.207915
0.222258
0.633227
0.532699
0.900157
0.022688
0.821101
0.426884
0.604911
0.375837
0.728463
0.774942
0.671907
0.986316
0.586006
0.767407
0.193937
0.899359
0.394928
0.308089
0.296133
0.051944
0.684027
0.330623
0.335380
0.208980
0.235314
0.124600
0.801323
0.683859
0.214571
0.009239
0.906117
0.847798
0.541938
0.806274
0.870486
0.363039
0.233157
0.475398
0.738876
0.961621
0.250339
0.410784
0.947937
0.836345
0.178191
0.141875
0.735704
0.573118
0.449964
0.031836
0.625063
0.133990
0.362459
0.960443
0.342970
0.597773
0.085042
0.144294
0.281632
0.299613
0.153532
0.187749
0.147412
0.695470
0.994023
0.017898
0.058509
0.227180
0.493295
0.797385
0.188801
0.743634
0.208169
0.136738
0.579979
0.386360
0.278613
0.315683
0.959478
0.728576
0.347519
0.584541
0.862567
0.709979
0.544983
0.205537
0.307752
0.630026
0.349830
0.589384
0.929639
0.503363
0.777133
0.077051
0.198833
0.771156
0.094949
0.257341
0.998336
0.588244
0.054727
0.187137
0.331878
0.262896
0.323875
0.911858
0.649255
0.602488
0.227541
0.608733
0.331064
0.575060
0.193274
0.193631
0.285039
0.738257
0.399168
0.592791
0.368283
0.748998
0.182175
0.297922
0.252361
0.959309
0.374973
0.451194
0.730464
0.469921
0.708535
0.728800
0.058165
0.763262
0.915937
0.390044
0.026158
0.239813
0.301901
0.675413
0.842301
0.529442
0.284146
0.173365
0.104502
0.477420
0.366996
0.389541
0.215677
0.766164
0.982332
0.583960
0.515163
0.164507
0.881882
0.767524
0.123815
0.256855
0.218717
0.854280
0.726777
0.927253
0.583080
0.784942
0.690514
0.499018
0.174985
0.716672
0.738830
0.476887
0.392085
0.581131
0.006328
0.676231
0.754497
0.110830
0.153651
0.121493
0.500371
0.369329
0.887657
0.482702
0.953289
0.402820
0.647209
0.835172
0.170344
0.771025
0.092027
0.389061
0.625305
0.818804
0.316314
0.208385
0.603745
0.006828
0.707403
0.778731
0.723500
0.446233
0.255618
0.115585
0.027364
0.261946
0.791816
0.781861
0.372776
0.945468
0.903354
0.873147
0.314796
0.791011
0.355849
0.268085
0.193831
0.003058
0.103257
0.364175
0.774083
0.195284
0.753237
0.399387
0.014087
0.069551
0.607772
0.617833
0.076379
0.315175
0.396564
0.799879
0.761408
0.652181
0.915464
0.788772
0.914127
0.707281
0.570633
0.286903
0.652748
0.473987
0.160050
0.967544
0.264998
0.515899
0.235630
0.458830
0.518957
0.338887
0.823005
0.293040
0.534171
0.576241
0.692427
0.548258
0.645792
0.300200
0.166091
0.722171
0.615374
0.562655
0.522050
0.376782
0.214836
0.437514
0.165554
0.128963
0.144795
0.736188
0.415867
0.797543
0.210175
0.575917
0.765087
0.475173
0.091816
0.000717
0.934003
0.610773
0.339604
0.757008
0.903813
0.873774
0.333249
0.596241
0.422032
0.979041
0.896440
0.588123
0.701212
0.511815
0.150778
0.223262
0.888597
0.365614
0.660776
0.054151
0.494577
0.805571
0.790339
0.910444
0.603114
0.000514
0.486361
0.368202
0.475687
0.578176
0.368919
0.409690
0.188949
0.708522
0.166697
0.092762
0.582297
0.499946
0.689003
0.004329
0.478987
0.585443
0.592452
0.180199
0.097258
0.743230
0.403461
0.985855
0.108844
0.064237
0.040006
0.603421
0.869809
0.830346
0.513865
0.472923
0.830859
0.000225
0.841124
0.306546
0.578401
0.210043
0.716236
0.767351
0.918565
0.882934
0.860113
0.500862
0.382880
0.549116
0.505191
0.861868
0.134560
0.097643
0.042067
0.231818
0.840873
0.445528
0.217673
0.949717
0.509766
0.257679
0.553138
0.379574
0.088025
0.067002
0.852497
0.918884
0.067228
0.693621
0.225431
0.645629
0.903664
0.941667
0.412980
0.822230
0.824601
0.273093
0.323092
0.207481
0.822210
0.828283
0.069349
0.956769
0.925926
0.111416
0.188587
0.766800
0.556944
0.406260
0.716517
0.066709
0.663939
0.269654
0.446284
0.751964
0.336657
0.298780
0.670848
0.403885
0.992402
0.896278
0.049514
0.896066
0.837945
0.462494
0.718296
0.662546
0.735587
0.041387
0.870027
0.557796
0.869670
0.939376
0.514566
0.795597
0.050791
0.703153
0.562396
0.607735
0.109413
0.278913
0.674444
0.773351
0.548567
0.120728
0.525315
0.885224
0.419508
0.196163
0.289108
0.411910
0.092441
0.338622
0.307976
0.930386
0.801116
0.026271
0.592932
0.536702
0.067659
0.462959
0.094499
0.937329
0.402335
0.609065
0.732926
0.453126
0.312217
0.295322
0.060861
0.421630
0.574234
0.735306
0.194981
0.122801
0.856034
0.720296
0.008025
0.275542
0.916459
0.297134
0.687452
0.008900
0.635756
0.995428
0.939287
0.436871
0.021699
0.532219
0.973574
0.089358
0.995179
0.068073
0.026687
0.397514
0.677137
0.759613
0.850640
0.989355
0.054935
0.911502
0.410985
0.629169
0.646807
0.605966
0.751970
0.502841
0.326263
0.759996
0.778383
0.242722
0.057129
0.465835
0.251622
0.692885
0.461263
0.190909
0.129757
0.482962
0.723128
0.103331
0.572320
0.718307
0.171403
0.599007
0.115821
0.848541
0.358620
0.966461
0.837896
0.413555
0.877963
0.248881
0.042724
0.524770
0.854847
0.794694
0.027611
0.181110
0.554690
0.805994
0.423832
0.611819
0.271828
0.675454
0.304705
0.733091
0.866363
0.434461
0.216053
0.589491
0.537792
0.788373
0.307798
0.709195
0.387381
0.423619
0.557736
0.746001
0.390081
0.395632
0.159556
0.268043
0.644513
0.202280
0.792813
0.499360
0.996974
0.820424
0.680469
0.551664
0.626418
0.104301
0.163484
0.898246
0.779755
0.468188
0.631337
0.646118
0.902650
0.847391
0.235609
0.440442
0.635764
0.543407
0.149637
0.023145
0.967027
0.707373
0.769146
0.357107
0.103005
0.928702
0.625150
0.747518
0.130982
0.417964
0.246878
0.127956
0.238388
0.927347
0.679620
0.864806
0.031648
0.843104
0.763052
0.811402
0.311292
0.394389
0.457520
0.213942
0.241780
0.693129
0.654384
0.877544
0.236536
0.804021
0.900689
0.203562
0.511394
0.669835
0.560670
0.614400
0.598537
0.185820
0.361918
0.729519
0.603784
0.608796
0.857475
0.842172
0.536142
0.537095
0.706977
0.567790
0.380199
0.470029
0.379192
0.691492
0.864418
0.836712
0.905434
0.106198
0.529840
0.559818
0.983742
0.766376
0.363839
0.884430
0.969939
0.875234
0.554265
0.530608
0.489633
0.152802
0.716428
0.851551
0.882320
0.320212
0.460347
0.739795
0.162384
0.996489
0.276890
0.869361
0.564279
0.657089
0.339390
0.943472
0.348581
0.203808
0.780184
0.254015
0.310006
0.310024
0.813833
0.293748
0.076400
0.177672
0.178179
0.046339
0.052905
0.732444
0.576947
0.542539
0.885245
0.293375
0.394090
0.767566
0.613587
0.854437
0.507361
0.775971
0.850927
0.784251
0.645331
0.415206
0.441340
0.984721
0.358678
0.789921
0.188529
0.138861
0.043936
0.498536
0.448885
0.857769
0.792284
0.525285
0.035440
0.970462
0.571624
0.088346
0.702906
0.148571
0.630884
0.588151
0.441946
0.024975
0.355717
0.055533
0.879412
0.863077
0.831503
0.730338
0.647328
0.476835
0.145544
0.088668
0.461556
0.504222
0.878589
0.650085
0.643083
0.922525
0.148621
0.091968
0.780293
0.940904
0.617253
0.815734
0.911367
0.188877
0.904079
0.614272
0.337448
0.534964
0.202424
0.779393
0.559938
0.558140
0.834926
0.439350
0.421217
0.666430
0.169688
0.068545
0.143264
0.315232
0.157213
0.604820
0.819454
0.035802
0.254905
0.462537
0.958327
0.403526
0.554505
0.738620
0.344431
0.171758
0.554354
0.255797
0.360635
0.458433
0.870070
0.698083
0.993397
0.072493
0.477476
0.553335
0.630633
0.312402
0.992685
0.051851
0.978832
0.162373
0.120396
0.122096
0.477606
0.277609
0.726916
0.297060
0.313411
0.981822
0.759597
0.271738
0.385348
0.314102
0.010359
0.729779
0.485860
0.564713
0.985576
0.846496
0.023146
0.855646
0.544579
0.016543
0.928140
0.022055
0.569879
0.558773
0.334457
0.562564
0.610624
0.313289
0.724938
0.731020
0.435385
0.202543
0.008629
0.162302
0.499603
0.322040
0.144124
0.259200
0.593778
0.529472
0.573302
0.604137
0.259251
0.059163
0.168849
0.244827
0.905658
0.191996
0.100473
0.450237
0.208539
0.028613
0.472292
0.778418
0.587386
0.806749
0.340982
0.198009
0.120038
0.065920
0.929029
0.555424
0.268464
0.937657
0.717726
0.768067
0.259697
0.861849
0.027267
0.853475
0.391321
0.600569
0.457612
0.650572
0.659732
0.626461
0.895399
0.565390
0.818457
0.995872
0.015627
0.026996
0.024485
0.487919
0.805414
0.611870
0.294668
0.146396
0.809880
0.414707
0.212316
0.738909
0.970130
0.480780
0.676566
0.687856
0.248846
0.936263
0.549705
0.276113
0.789739
0.941026
0.876682
0.247350
0.591598
0.536414
0.873811
0.486997
0.101804
0.692268
0.482869
0.117430
0.719264
0.507354
0.605349
0.524678
0.119224
0.900018
0.671074
0.929104
0.314724
0.883390
0.668013
0.284855
0.364170
0.344579
0.972711
0.613016
0.280842
0.522416
0.889129
0.070581
0.463442
0.765812
0.317931
0.055041
0.302225
0.191742
0.542038
0.404029
0.884011
0.024907
0.521459
0.603275
0.532261
0.126809
0.127952
0.651485
0.026827
0.799026
0.580589
0.341551
0.682416
0.248602
0.626406
0.046586
0.593181
0.599117
0.659603
0.874023
0.121533
0.548732
0.944604
0.584975
0.314544
0.262535
0.640016
0.616769
0.454277
0.182053
0.020798
0.338288
0.206960
0.542258
0.941563
0.739221
0.669066
0.069515
0.390706
0.695893
0.868541
0.971294
0.037444
0.550958
0.219896
0.663850
0.597544
0.813077
0.262966
0.257147
0.687100
0.384499
0.805879
0.631704
0.969474
0.120422
0.894239
0.609489
0.737192
0.348516
0.791542
0.757990
0.686804
0.998502
0.300247
0.628367
0.737723
0.969314
0.697882
0.128428
0.665207
0.566423
0.099723
0.702651
0.117381
0.319619
0.366500
0.714925
0.132696
0.629466
0.972072
0.819796
0.013965
0.777951
0.451500
0.983438
0.898373
0.345738
0.592927
0.635565
0.694255
0.384470
0.393555
0.381059
0.382972
0.693802
0.009426
0.120695
0.663116
0.707308
0.249123
0.328322
0.273731
0.348846
0.030973
0.391112
0.668465
0.397473
0.106038
0.801161
0.026939
0.078110
0.620957
0.040904
0.856061
0.072457
0.024342
0.754434
0.418195
0.617270
0.389999
0.112449
0.001739
0.783553
0.493508
0.384711
0.477355
0.502934
0.505406
0.140471
0.210242
0.754530
0.468793
0.483973
0.103376
0.499766
0.875086
0.771842
0.897240
0.981124
0.573003
0.924179
0.059234
0.193960
0.965083
0.915294
0.266417
0.989425
0.669728
0.684611
0.606695
0.059727
0.797061
0.608435
0.843280
0.290569
0.993146
0.320636
0.793503
0.498552
0.461106
0.003746
0.253082
0.929900
0.487719
0.356458
0.429666
0.362805
0.128299
0.326906
0.343928
0.701302
0.251085
0.403162
0.895262
0.216168
0.318456
0.161679
0.205594
0.988184
0.846290
0.812289
0.047911
0.643351
0.420723
0.891192
0.933920
0.413869
0.211827
0.727424
0.912421
0.672934
0.731169
0.165503
0.602833
0.218888
0.521961
0.032500
0.581692
0.650260
0.359406
0.925621
0.351562
0.610491
0.328783
0.246825
0.826659
0.647239
0.408503
0.032253
0.635423
0.254793
0.844542
0.683335
0.898144
0.265265
0.574526
0.832064
0.679135
0.786354
0.559488
0.591556
0.459287
0.290657
0.757059
0.062121
0.509545
0.279020
0.094620
0.091237
0.929280
0.454026
0.016858
0.280843
0.064517
0.345641
0.527667
0.891177
0.992879
0.936170
0.923429
0.628302
0.190964
0.767971
0.311637
0.089108
0.033237
0.886163
0.921172
0.712371
0.672517
0.480660
0.303927
0.131804
0.771317
0.060986
0.193925
0.280861
0.340006
0.288545
0.372099
0.269286
0.742571
0.388957
0.550129
0.807089
0.734597
0.077796
0.698265
0.727476
0.013966
0.621695
0.355779
0.204930
0.389666
0.667416
0.294037
0.422903
0.553579
0.215209
0.135274
0.226096
0.695869
0.439201
0.357900
0.467186
0.500187
0.551824
0.748047
0.840193
0.840369
0.120146
0.109479
0.582941
0.509102
0.659608
0.390030
0.243699
0.737403
0.088295
0.971176
0.751370
0.709990
0.326954
0.956299
0.099656
0.994370
0.250337
0.522559
0.547949
0.465546
0.657833
0.774044
0.161415
0.097034
0.131944
0.628601
0.597222
0.683768
0.376648
0.437415
0.524138
0.496794
0.546894
0.107079
0.005896
0.206502
0.497108
0.249596
0.943906
0.585403
0.220771
0.695275
0.295393
0.547725
0.651574
0.395049
0.542095
0.901911
0.917608
0.090044
0.367457
0.575441
0.864088
0.528872
0.672475
0.996032
0.157473
0.269697
0.679801
0.534121
0.707112
0.203938
0.030915
0.254007
0.311017
0.036812
0.460509
0.808125
0.286407
0.404415
0.393528
0.507179
0.099690
0.688921
0.054904
0.751265
0.083970
0.596999
0.653176
0.001578
0.687043
0.020632
0.577019
0.551132
0.549504
0.249495
0.547164
0.706978
0.519192
0.226965
0.241099
0.226304
0.430903
0.272014
0.480311
0.741920
0.308826
0.940820
0.550045
0.595234
0.345235
0.943573
0.102412
0.444925
0.632494
0.157316
0.196190
0.716464
0.754316
0.849366
0.718042
0.441359
0.869998
0.295061
0.992491
0.419503
0.544556
0.539655
0.126480
0.063748
0.766620
0.367579
0.290052
0.197524
0.639593
0.770363
0.939444
0.948420
0.711183
0.489489
0.543653
0.056419
0.433062
0.646065
0.501344
0.065556
0.803382
0.697534
0.782020
0.557697
0.546900
0.500063
0.999056
0.416898
0.795124
0.991547
0.836400
0.339680
0.531202
0.962880
0.403428
0.297823
0.330459
0.693479
0.495346
0.970053
0.463842
0.434790
0.918472
0.175026
0.924278
0.462126
0.231444
0.357340
0.108191
0.732788
0.422896
0.911572
0.430322
0.204916
0.469270
0.977222
0.704979
0.468326
0.394120
0.500103
0.459873
0.230520
0.839783
0.991076
0.193400
0.243210
0.288898
0.523859
0.936690
0.784245
0.493912
0.400532
0.219034
0.412385
0.575558
0.143313
0.874510
0.807003
0.500653
0.982701
0.539791
0.923549
0.894274
0.970113
0.128465
0.363544
0.947335
0.833444
0.831869
0.341455
0.333547
0.291743
0.571974
0.173330
0.282818
0.765374
0.416541
0.571716
0.289234
0.353231
0.355961
0.783146
0.753763
0.574995
0.195531
0.329321
0.718308
0.070041
0.136324
0.218961
0.052743
0.676115
0.142510
0.947017
0.646228
0.270975
0.310560
0.593563
0.104419
0.142430
0.935017
0.437966
0.434172
0.506991
0.611296
0.716990
0.272366
0.027837
0.288707
0.561600
0.381068
0.644668
0.344746
0.134831
0.219663
0.540277
0.464152
0.937971
0.610318
0.600476
0.156932
0.663061
0.276590
0.299442
0.610078
0.922818
0.570416
0.920638
0.516381
0.674836
0.063067
0.451398
0.112802
0.497240
0.958389
0.724098
0.214230
0.230755
0.751935
0.502937
0.792355
0.133003
0.147605
0.137100
0.267834
0.367268
0.677377
